0.319077 0.30093 -0.442694
0.319077 0.30093 -0.442694
0.319077 0.30093 -0.442694
0.319077 0.30093 -0.442694
0.319077 0.30093 -0.442694
0.319077 0.30093 -0.442694
0.319077 0.30093 -0.442694
0.319077 0.30093 -0.442694
0.319077 0.30093 -0.442694
0.319077 0.30093 -0.442694
0.319077 0.30093 -0.442694
0.319077 0.30093 -0.442694
0.319077 0.30093 -0.442694
0.319077 0.30093 -0.442694
0.319077 0.30093 -0.442694
0.319077 0.30093 -0.442694
0.319077 0.30093 -0.442694
0.319077 0.30093 -0.442694
0.319077 0.30093 -0.442694
0.319077 0.30093 -0.442694
0.319077 0.30093 -0.442694
0.319077 0.30093 -0.442694
0.319077 0.30093 -0.442694
0.319077 0.30093 -0.442694
0.319077 0.30093 -0.442694
0.319077 0.30093 -0.442694
0.319077 0.30093 -0.442694
0.319077 0.30093 -0.442694
0.319077 0.30093 -0.442694
0.319077 0.30093 -0.442694
0.319077 0.30093 -0.442694
0.319077 0.30093 -0.442694
0.319077 0.30093 -0.442694
0.317668 0.356091 -0.485911
0.316066 0.347526 -0.460708
0.315834 0.34313 -0.453773
0.314918 0.33665 -0.437704
0.314457 0.330078 -0.426168
0.314446 0.316755 -0.412161
0.313298 0.305878 -0.389157
0.313064 0.299262 -0.379887
0.312831 0.292645 -0.370617
0.312822 0.281542 -0.358945
0.311674 0.270666 -0.335941
0.310985 0.26414 -0.322138
0.310524 0.257569 -0.310602
0.310063 0.250998 -0.299066
0.309602 0.244427 -0.28753
0.309142 0.240076 -0.278328
0.308452 0.23133 -0.262191
0.308217 0.222493 -0.250586
0.307298 0.213791 -0.232183
0.306154 0.207356 -0.213848
0.305696 0.205227 -0.20698
0.304326 0.201057 -0.188713
0.303633 0.19009 -0.170242
0.302483 0.176994 -0.144903
0.302015 0.16154 -0.124029
0.300646 0.159591 -0.108096
0.300415 0.155196 -0.101161
0.299957 0.153066 -0.0942934
0.299729 0.153111 -0.0920271
0.299729 0.153111 -0.0920271
0.299729 0.153111 -0.0920271
0.299729 0.153111 -0.0920271
0.299729 0.153111 -0.0920271
0.299729 0.153111 -0.0920271
0.300652 0.166253 -0.115099
0.300888 0.177311 -0.129038
0.301353 0.188324 -0.145243
0.302049 0.203732 -0.168384
0.30184 0.225984 -0.189462
0.30208 0.241483 -0.20807
0.303 0.252404 -0.228808
0.302789 0.272435 -0.247551
0.303033 0.292376 -0.270828
0.303281 0.316757 -0.298774
0.303529 0.341139 -0.326719
0.303326 0.372273 -0.357135
0.302659 0.392395 -0.371346
0.301771 0.421444 -0.392629
0.301112 0.450449 -0.416178
0.300661 0.457201 -0.418649
0.300893 0.461597 -0.425584
0.300904 0.474921 -0.439591
0.300237 0.495043 -0.453802
0.30002 0.508412 -0.465542
0.299577 0.524047 -0.477351
0.299584 0.53293 -0.486689
0.299584 0.53293 -0.486689
0.299812 0.532884 -0.488955
0.300718 0.526041 -0.491017
0.303893 0.507641 -0.504071
0.305934 0.496129 -0.512796
0.309335 0.475463 -0.525782
0.313189 0.452485 -0.540966
0.318406 0.422574 -0.562744
0.323392 0.390487 -0.579922
0.326111 0.372177 -0.588443
0.33223 0.330981 -0.607615
0.339248 0.276279 -0.621846
0.342188 0.249042 -0.623296
0.344906 0.228512 -0.629482
0.347397 0.210247 -0.635736
0.348985 0.201047 -0.642263
0.349437 0.196515 -0.642127
0.349437 0.196515 -0.642127
0.349437 0.196515 -0.642127
0.349211 0.198781 -0.642195
0.349211 0.198781 -0.642195
0.34534 0.201773 -0.606001
0.341917 0.195792 -0.565002
0.340317 0.189448 -0.542134
0.338494 0.189811 -0.524003
0.336212 0.185823 -0.49667
0.333933 0.184056 -0.471671
0.33188 0.182244 -0.448939
0.330054 0.178166 -0.426139
0.32846 0.178483 -0.410275
0.327548 0.178665 -0.401209
0.325042 0.179164 -0.376279
0.322536 0.179663 -0.351349
0.320708 0.173364 -0.326214
0.31911 0.16924 -0.30568
0.318197 0.167201 -0.29428
0.317512 0.165117 -0.285147
0.316826 0.163032 -0.276013
0.316599 0.163077 -0.273747
0.316599 0.163077 -0.273747
0.315465 0.169966 -0.269418
0.311834 0.188457 -0.251832
0.307973 0.202552 -0.22731
0.300932 0.230606 -0.185065
0.294803 0.258479 -0.151887
0.291626 0.274658 -0.136498
0.28754 0.29324 -0.114379
0.284819 0.309329 -0.103524
0.282326 0.325373 -0.0949348
0.278471 0.34835 -0.0797509
0.275072 0.371237 -0.0690997
0.272353 0.389547 -0.0605788
0.26782 0.419322 -0.0455991
0.263517 0.451273 -0.0352203
0.258762 0.487756 -0.0249777
0.255592 0.512818 -0.0189274
0.254008 0.52646 -0.0170695
0.253329 0.531037 -0.0149392
0.253329 0.531037 -0.0149392
0.253329 0.531037 -0.0149392
0.253329 0.531037 -0.0149392
0.254008 0.52646 -0.0170695
0.257191 0.516942 -0.039461
0.262192 0.50262 -0.0753148
0.26697 0.495005 -0.115906
0.271069 0.491968 -0.154366
0.275396 0.488885 -0.195093
0.279039 0.485939 -0.229021
0.281773 0.485394 -0.256217
0.287465 0.479819 -0.308208
0.294972 0.464998 -0.368992
0.302021 0.448047 -0.422909
0.307706 0.433589 -0.465562
0.311343 0.42398 -0.492486
0.315437 0.414281 -0.523943
0.32021 0.400004 -0.557531
0.328845 0.371633 -0.61564
0.333606 0.341812 -0.632886
0.334058 0.33728 -0.63275
0.334284 0.335014 -0.632682
0.334951 0.314892 -0.618471
0.334936 0.297127 -0.599795
0.336276 0.263545 -0.578376
0.336943 0.243423 -0.564165
0.337836 0.221036 -0.549886
0.337827 0.209932 -0.538214
0.337811 0.189947 -0.517203
0.33733 0.158949 -0.479988
0.337087 0.141229 -0.459046
0.33686 0.141274 -0.45678
0.33686 0.141274 -0.45678
0.33686 0.141274 -0.45678
0.33686 0.141274 -0.45678
0.333922 0.170732 -0.457665
0.329626 0.211566 -0.456624
0.323522 0.270527 -0.456127
0.318545 0.313717 -0.450622
0.313793 0.354642 -0.445048
0.307908 0.402454 -0.435146
0.300669 0.466084 -0.427986
0.296145 0.506963 -0.424679
0.291849 0.547796 -0.423638
0.288685 0.57952 -0.424591
0.286429 0.606622 -0.429941
0.283039 0.640612 -0.430962
0.282142 0.658558 -0.440572
0.281692 0.665311 -0.443043
0.279671 0.701249 -0.459997
0.278546 0.719241 -0.467341
0.276747 0.748472 -0.479558
0.275393 0.764289 -0.482301
0.275393 0.764289 -0.482301
0.275393 0.764289 -0.482301
0.275393 0.764289 -0.482301
0.275393 0.764289 -0.482301
0.275387 0.757627 -0.475297
0.276731 0.728487 -0.458548
0.278063 0.686022 -0.427791
0.280074 0.63676 -0.39683
0.281191 0.609886 -0.380149
0.283436 0.569461 -0.360792
0.287481 0.499804 -0.329218
0.289725 0.457159 -0.307527
0.291968 0.414513 -0.285836
0.293534 0.378665 -0.26435
0.294655 0.356232 -0.252337
0.296226 0.327046 -0.237853
0.29645 0.32256 -0.235451
0.296676 0.320294 -0.235383
0.296676 0.320294 -0.235383
0.296676 0.320294 -0.235383
0.296676 0.320294 -0.235383
0.29692 0.340234 -0.258659
0.297381 0.346805 -0.270196
0.297616 0.355642 -0.2818
0.29719 0.391263 -0.314619
0.2963 0.418092 -0.333567
0.296085 0.433682 -0.347642
0.296098 0.449226 -0.363983
0.296114 0.469212 -0.384993
0.294773 0.500573 -0.404077
0.293659 0.531889 -0.425428
0.292319 0.56547 -0.446847
0.290759 0.60798 -0.475337
0.290759 0.60798 -0.475337
0.290759 0.60798 -0.475337
0.290759 0.60798 -0.475337
0.290759 0.60798 -0.475337
0.291424 0.585638 -0.458791
0.291856 0.556679 -0.432976
0.293639 0.507462 -0.399749
0.294308 0.489561 -0.387872
0.295425 0.462686 -0.371191
0.296765 0.429105 -0.349772
0.298546 0.377667 -0.31421
0.300339 0.341774 -0.29499
0.300773 0.315036 -0.271509
0.302563 0.274701 -0.24762
0.303454 0.250093 -0.231006
0.30434 0.218823 -0.207389
0.304787 0.207629 -0.200249
0.304781 0.200967 -0.193246
0.305233 0.196435 -0.19311
0.306824 0.191676 -0.204306
0.309555 0.18669 -0.226833
0.313424 0.181478 -0.260693
0.316834 0.171915 -0.285351
0.319793 0.169104 -0.31248
0.32412 0.166021 -0.353206
0.326398 0.165568 -0.37587
0.328678 0.167335 -0.400869
0.330729 0.166926 -0.421266
0.332553 0.168784 -0.441732
0.334603 0.168376 -0.462129
0.336881 0.167922 -0.484793
0.340065 0.160625 -0.509519
0.34484 0.148569 -0.545441
0.346887 0.143719 -0.56117
0.346887 0.143719 -0.56117
0.346887 0.143719 -0.56117
0.346887 0.143719 -0.56117
0.34484 0.148569 -0.545441
0.340745 0.156047 -0.511649
0.336652 0.165747 -0.480192
0.333697 0.175219 -0.460067
0.330052 0.175945 -0.423805
0.325496 0.176852 -0.378477
0.321394 0.175448 -0.335348
0.319569 0.173591 -0.314882
0.317975 0.173908 -0.299017
0.315924 0.174317 -0.27862
0.313644 0.17255 -0.253621
0.313185 0.168199 -0.24442
0.31159 0.168517 -0.228555
0.311133 0.166387 -0.221688
0.311133 0.166387 -0.221688
0.305931 0.214064 -0.218585
0.300052 0.268538 -0.215686
0.293724 0.331987 -0.217592
0.288527 0.386325 -0.221492
0.283103 0.440709 -0.223126
0.279261 0.479231 -0.224284
0.276097 0.510955 -0.225237
0.271131 0.567469 -0.233738
0.267289 0.605991 -0.234895
0.265709 0.624074 -0.237706
0.265709 0.624074 -0.237706
0.265709 0.624074 -0.237706
0.265709 0.624074 -0.237706
0.27136 0.569645 -0.238339
0.274752 0.537875 -0.239652
0.280174 0.481271 -0.235684
0.282886 0.454078 -0.234867
0.285372 0.429152 -0.234118
0.288762 0.395162 -0.233097
0.293056 0.352108 -0.231803
0.297126 0.313541 -0.232912
0.301428 0.279369 -0.240957
0.303923 0.265547 -0.25188
0.306423 0.258386 -0.269807
0.308237 0.246919 -0.276266
0.306414 0.247282 -0.258135
0.303682 0.250048 -0.233272
0.30095 0.252813 -0.20841
0.298446 0.255532 -0.185814
0.29617 0.258207 -0.165485
0.293667 0.263147 -0.145224
0.291617 0.263555 -0.124826
0.289111 0.264054 -0.0998958
0.286833 0.264508 -0.0772319
0.283184 0.260793 -0.0363007
0.279765 0.259253 2.95896e-005
0.277715 0.259661 0.0204271
0.27612 0.259979 0.0362918
0.274301 0.264783 0.049754
0.274301 0.264783 0.049754
0.275883 0.248921 0.0502306
0.28362 0.236275 -0.0151543
0.289769 0.232829 -0.0740124
0.294555 0.234097 -0.123941
0.2982 0.233371 -0.160203
0.30299 0.23908 -0.214801
0.309598 0.239985 -0.282861
0.312789 0.241571 -0.316924
0.315077 0.25222 -0.351261
0.318734 0.267039 -0.403864
0.319888 0.284577 -0.433872
0.320117 0.286752 -0.438473
0.320117 0.286752 -0.438473
0.320571 0.284441 -0.440671
0.321703 0.275331 -0.442665
0.322607 0.266267 -0.442393
0.327798 0.205267 -0.431489
0.331182 0.164615 -0.423465
0.333441 0.139734 -0.420449
0.335021 0.121652 -0.417638
0.337507 0.0967256 -0.416889
0.338863 0.0831295 -0.416481
0.339315 0.0785975 -0.416345
0.339315 0.0785975 -0.416345
0.339315 0.0785975 -0.416345
0.333885 0.12632 -0.410975
0.328452 0.169601 -0.400937
0.31781 0.251676 -0.378457
0.311019 0.306332 -0.366493
0.30695 0.344899 -0.365384
0.30356 0.37889 -0.366405
0.300616 0.401686 -0.360287
0.299936 0.406263 -0.358157
0.299936 0.406263 -0.358157
0.299481 0.406354 -0.353624
0.299481 0.406354 -0.353624
0.29583 0.400418 -0.310358
0.292183 0.398923 -0.271761
0.287627 0.399831 -0.226434
0.283306 0.409575 -0.19271
0.279666 0.416963 -0.163451
0.275345 0.426708 -0.129728
0.272159 0.431784 -0.102667
0.269886 0.4389 -0.0870069
0.269205 0.441256 -0.0825422
0.269205 0.441256 -0.0825422
0.274439 0.433551 -0.127666
0.277627 0.430695 -0.157061
0.283085 0.418503 -0.199782
0.291046 0.401371 -0.262764
0.302196 0.383603 -0.357476
0.306971 0.371547 -0.393398
0.312659 0.36153 -0.440719
0.321982 0.337464 -0.510297
0.329028 0.316072 -0.559545
0.3397 0.271747 -0.62171
0.351507 0.220534 -0.688204
0.356499 0.195109 -0.712385
0.362847 0.156088 -0.736158
0.371675 0.0854787 -0.752179
0.373031 0.0718826 -0.75177
0.365333 0.131162 -0.735409
0.357181 0.192752 -0.71685
0.350612 0.240701 -0.700149
0.344051 0.297533 -0.692785
0.335676 0.36583 -0.678963
0.330923 0.404534 -0.671054
0.328207 0.427285 -0.667202
0.328207 0.427285 -0.667202
0.328207 0.427285 -0.667202
0.324551 0.414687 -0.616933
0.315437 0.414281 -0.523943
0.30746 0.411428 -0.439951
0.303357 0.410024 -0.396821
0.299032 0.415327 -0.358429
0.294707 0.42063 -0.320036
0.292201 0.421129 -0.295106
0.288327 0.41968 -0.254243
0.285363 0.418049 -0.222446
0.281491 0.418821 -0.183917
0.276932 0.417507 -0.136255
0.273056 0.413837 -0.0930571
0.269867 0.414473 -0.0613277
0.280086 0.37246 -0.121295
0.287804 0.337607 -0.163335
0.290523 0.319298 -0.171856
0.292789 0.3033 -0.178178
0.297316 0.266862 -0.186155
0.30274 0.212478 -0.184521
0.307484 0.162672 -0.180757
0.309289 0.140102 -0.175543
0.309515 0.137836 -0.175475
0.309741 0.13557 -0.175407
0.312026 0.143999 -0.207409
0.315928 0.178758 -0.283289
0.317091 0.207399 -0.324969
0.31397 0.292418 -0.381949
0.312184 0.337194 -0.410508
0.311303 0.375126 -0.441128
0.31177 0.388359 -0.459668
0.312459 0.394885 -0.47347
0.312459 0.394885 -0.47347
0.311529 0.37286 -0.44106
0.311283 0.350699 -0.415449
0.312155 0.301664 -0.373156
0.313256 0.254804 -0.335464
0.313688 0.225845 -0.309649
0.314124 0.201327 -0.288502
0.314335 0.181296 -0.269759
0.315 0.158954 -0.253213
0.315436 0.134436 -0.232067
0.314751 0.132351 -0.222933
0.314977 0.130085 -0.222865
0.315205 0.13004 -0.225131
0.317289 0.171824 -0.289884
0.315525 0.243247 -0.346456
0.315802 0.303159 -0.411753
0.315597 0.332072 -0.439834
0.313813 0.379068 -0.470727
0.313817 0.38351 -0.475396
0.313591 0.385776 -0.475464
0.313591 0.385776 -0.475464
0.311728 0.337285 -0.405975
0.310569 0.313085 -0.368964
0.310314 0.279821 -0.33168
0.310748 0.253082 -0.308199
0.311844 0.19956 -0.263504
0.312256 0.146174 -0.21201
0.312474 0.135026 -0.202604
0.3127 0.13276 -0.202535
0.312473 0.132805 -0.200269
0.314091 0.161356 -0.246482
0.312762 0.208261 -0.281907
0.31416 0.24574 -0.335192
0.315554 0.278777 -0.383807
0.317176 0.311769 -0.434689
0.317874 0.329398 -0.460164
0.318803 0.351423 -0.492574
0.319255 0.346891 -0.492438
0.319232 0.318023 -0.46209
0.319658 0.282402 -0.429271
0.319179 0.253624 -0.39439
0.31915 0.218094 -0.357039
0.320025 0.1735 -0.319415
0.3209 0.128906 -0.281791
0.321784 0.0954149 -0.25584
0.321542 0.0776952 -0.234897
0.321768 0.0754292 -0.234829
0.321824 0.144269 -0.307198
0.319383 0.224711 -0.366308
0.321918 0.259742 -0.42859
0.321938 0.284169 -0.454269
0.321508 0.315348 -0.482419
0.321074 0.342086 -0.5059
0.320185 0.368916 -0.524848
0.320188 0.373357 -0.529517
0.320188 0.373357 -0.529517
0.319707 0.342359 -0.492302
0.318525 0.28929 -0.424943
0.318698 0.222626 -0.357175
0.319793 0.169104 -0.31248
0.320001 0.144632 -0.289067
0.318403 0.140508 -0.268533
0.317253 0.127411 -0.243194
0.317253 0.127411 -0.243194
0.320473 0.164527 -0.31461
0.319146 0.213653 -0.35237
0.318503 0.262643 -0.396929
0.31853 0.295952 -0.431946
0.319233 0.320243 -0.464424
0.31766 0.347208 -0.476573
0.317433 0.347254 -0.474307
0.314684 0.330033 -0.428434
0.312171 0.32165 -0.394166
0.310336 0.306468 -0.359694
0.310996 0.277464 -0.336145
0.310978 0.255258 -0.3128
0.31096 0.233051 -0.289456
0.311171 0.21302 -0.270712
0.311167 0.208579 -0.266043
0.312543 0.21941 -0.291313
0.310784 0.297495 -0.354889
0.310605 0.357497 -0.415653
0.311303 0.375126 -0.441128
0.311535 0.379522 -0.448063
0.311772 0.39058 -0.462002
0.312453 0.388223 -0.466467
0.312453 0.388223 -0.466467
0.312424 0.352693 -0.429115
0.313305 0.314761 -0.398495
0.313735 0.283581 -0.370345
0.314834 0.234501 -0.330319
0.315266 0.205542 -0.304503
0.313026 0.252629 -0.330863
0.311227 0.28186 -0.34308
0.311692 0.292872 -0.359285
0.311927 0.301709 -0.37089
0.312155 0.301664 -0.373156
0.31124 0.297404 -0.359422
0.308038 0.282495 -0.311351
0.306197 0.260652 -0.269875
0.299817 0.259701 -0.204082
0.294805 0.2607 -0.154221
0.289565 0.261743 -0.102094
0.286146 0.260203 -0.0657638
0.285918 0.260248 -0.0634974
0.285918 0.260248 -0.0634974
0.289104 0.255172 -0.0905579
0.296842 0.244747 -0.158277
0.305709 0.220771 -0.223322
0.31775 0.178395 -0.30142
0.327286 0.136518 -0.354588
0.337496 0.0834018 -0.402883
0.346098 0.0150587 -0.418971
0.351756 -0.0327088 -0.426607
0.352208 -0.0372408 -0.426471
0.352441 -0.0306243 -0.435741
0.350199 0.014242 -0.459766
0.347267 0.050362 -0.467655
0.344332 0.0842613 -0.473209
0.341848 0.111408 -0.476292
0.339373 0.149658 -0.491048
0.337122 0.183421 -0.503401
0.335323 0.212652 -0.515618
0.333293 0.237487 -0.5209
0.332842 0.24424 -0.52337
0.331924 0.235539 -0.504967
0.330541 0.215826 -0.470358
0.327796 0.203046 -0.429155
0.325503 0.185735 -0.387815
0.323446 0.177261 -0.35808
0.322064 0.159768 -0.325806
0.320231 0.146807 -0.293668
0.319316 0.142547 -0.279933
0.319316 0.142547 -0.279933
0.319316 0.142547 -0.279933
0.32026 0.182337 -0.331019
0.318044 0.258292 -0.387727
0.319425 0.275785 -0.420001
0.319439 0.29355 -0.438677
0.319226 0.311361 -0.455086
0.319226 0.311361 -0.455086
0.318315 0.311542 -0.446021
0.317845 0.293868 -0.422812
0.317601 0.273927 -0.399536
0.317356 0.253987 -0.376259
0.317116 0.238488 -0.357651
0.317544 0.205088 -0.327167
0.317494 0.14291 -0.261802
0.316806 0.138605 -0.250334
0.316806 0.138605 -0.250334
0.316806 0.138605 -0.250334
0.315489 0.198834 -0.299766
0.313706 0.248051 -0.332993
0.314178 0.267946 -0.358536
0.31487 0.278913 -0.377008
0.314876 0.285575 -0.384011
0.315106 0.28775 -0.388612
0.315106 0.28775 -0.388612
0.315106 0.28775 -0.388612
0.315106 0.28775 -0.388612
0.315106 0.28775 -0.388612
0.315106 0.28775 -0.388612
0.315106 0.28775 -0.388612
0.315106 0.28775 -0.388612
0.315106 0.28775 -0.388612
0.315106 0.28775 -0.388612
0.315106 0.28775 -0.388612
0.315106 0.28775 -0.388612
0.315106 0.28775 -0.388612
0.315106 0.28775 -0.388612
0.315106 0.28775 -0.388612
0.315106 0.28775 -0.388612
0.315106 0.28775 -0.388612
0.315106 0.28775 -0.388612