0 5 1 1 2
0 5 1 1 3
0 5 1 1 6
0 5 1 1 7
0 5 1 2 2
0 5 1 2 6
0 5 1 3 2
0 5 1 3 6
0 5 2 1 2
0 5 2 1 3
0 5 2 2 2
0 5 2 3 2
0 5 3 1 2
0 5 3 1 3
0 5 3 2 2
0 5 3 3 2
0 5 4 1 2
0 5 4 1 3
0 5 4 2 2
0 5 4 3 2
0 5 5 2 2
0 5 5 2 3
0 6 1 2 2
0 6 1 2 3
0 6 1 2 6
0 6 1 2 7
0 6 1 3 2
0 6 1 3 6
0 6 2 2 2
0 6 2 2 3
0 6 2 3 2
0 6 3 1 2
0 6 3 1 3
0 6 3 1 7
0 6 3 2 2
0 6 3 3 2
0 6 4 1 2
0 6 4 1 3
0 6 4 2 2
1 10 3 3 2
1 10 3 3 3
1 10 3 3 6
1 10 3 3 7
1 10 3 4 2
1 10 3 4 6
1 10 3 5 2
1 10 3 5 6
1 11 3 4 2
1 11 3 4 3
1 11 3 4 6
1 11 3 4 7
1 11 3 5 2
1 11 3 5 6
1 10 3 6 2
1 10 3 6 6
1 11 3 6 2
1 11 3 6 6
1 10 4 3 2
1 10 4 3 3
1 10 5 3 2
1 10 5 3 3
1 10 4 4 2
1 10 4 5 2
1 10 5 4 2
1 10 5 5 2
1 11 4 4 2
1 11 4 4 3
1 11 4 5 2
1 11 5 4 2
1 11 5 4 3
1 11 5 5 2
1 10 4 6 2
1 10 5 6 2
1 11 4 6 2
1 11 5 6 2
1 10 6 2 2
1 10 6 2 3
1 10 6 2 7
1 10 6 3 2
1 10 7 2 2
1 10 7 2 3
1 10 7 3 2
1 11 6 2 2
1 11 6 2 3
1 11 6 2 6
1 11 6 2 7
1 11 6 3 2
1 11 7 2 2
1 11 7 2 3
1 11 7 3 2
1 10 6 4 2
1 10 6 5 2
1 10 7 4 2
1 10 7 5 2
1 11 6 4 2
1 11 6 5 2
1 11 7 4 2
1 11 7 5 2
1 10 6 6 2
1 10 7 6 2
1 11 6 6 2
1 11 7 6 2
1 10 8 2 2
1 10 8 2 3
1 10 8 3 2
1 11 8 2 2
1 11 8 2 3
1 11 8 3 2
1 10 8 4 2
1 10 8 5 2
1 10 9 5 2
1 10 9 5 3
1 11 8 4 2
1 11 8 5 2
1 10 8 6 2
1 10 9 6 2
1 10 10 5 2
1 10 10 5 3
1 12 3 4 2
1 12 3 4 3
1 12 3 4 6
1 12 3 4 7
1 12 3 5 2
1 12 3 5 6
1 13 3 4 2
1 13 3 4 3
1 13 3 4 6
1 13 3 4 7
1 13 3 5 2
1 13 3 5 6
1 12 3 6 2
1 12 3 6 6
1 13 3 6 2
1 13 3 6 6
1 12 4 4 2
1 12 4 4 3
1 12 4 5 2
1 12 5 4 2
1 12 5 4 3
1 12 5 5 2
1 13 4 4 2
1 13 4 4 3
1 13 4 5 2
1 13 5 4 2
1 13 5 4 3
1 13 5 5 2
1 12 4 6 2
1 12 5 6 2
1 13 4 6 2
1 13 5 6 2
1 12 6 3 2
1 12 6 3 3
1 12 6 3 7
1 12 7 3 2
1 12 7 3 3
1 13 6 3 2
1 13 6 3 3
1 13 6 3 7
1 13 7 3 2
1 13 7 3 3
1 12 6 4 2
1 12 6 5 2
1 12 7 4 2
1 12 7 5 2
1 13 6 4 2
1 13 6 5 2
1 13 7 4 2
1 13 7 5 2
1 12 6 6 2
1 13 6 6 2
1 12 8 3 2
1 12 8 3 3
1 12 8 4 2
1 12 8 5 2
