0 3 7 15 0
0 3 7 15 1
0 3 7 15 2
0 3 7 15 3
0 3 7 15 4
0 3 7 15 5
0 3 7 15 6
0 3 7 15 7
0 2 7 16 0
0 2 7 16 1
0 2 7 16 2
0 2 7 16 4
0 2 7 16 5
0 2 7 16 6
0 2 7 17 1
0 2 7 17 2
0 2 7 17 5
0 2 7 17 6
0 3 7 16 2
0 3 7 16 6
0 3 7 17 2
0 3 7 17 6
0 2 7 18 1
0 2 7 18 2
0 2 7 18 5
0 2 7 18 6
0 3 7 18 2
0 3 7 18 6
0 3 7 19 1
0 3 7 19 2
0 3 7 19 5
0 3 7 19 6
0 2 7 21 0
0 2 7 21 1
0 2 7 21 2
0 2 7 21 3
0 2 7 21 4
0 2 7 21 5
0 2 7 21 6
0 2 7 21 7
0 3 7 20 2
0 3 7 20 6
0 3 7 21 2
0 3 7 21 6
0 2 7 22 1
0 2 7 22 2
0 2 7 22 5
0 2 7 22 6
0 2 7 23 1
0 2 7 23 2
0 2 7 23 5
0 2 7 23 6
0 3 7 22 2
0 3 7 22 6
0 3 7 23 2
0 3 7 23 6
0 3 7 24 1
0 3 7 24 2
0 3 7 24 5
0 3 7 24 6
0 3 8 15 0
0 3 8 15 1
0 3 8 15 2
0 3 8 15 3
0 2 8 16 0
0 2 8 16 1
0 2 8 16 2
0 2 8 17 1
0 2 8 17 2
0 3 8 16 2
0 3 8 17 2
0 3 9 16 0
0 3 9 16 1
0 3 9 16 2
0 3 9 16 3
0 2 8 18 1
0 2 8 18 2
0 3 8 18 2
0 3 8 19 1
0 3 8 19 2
0 2 8 21 0
0 2 8 21 3
0 3 8 20 2
0 4 7 15 2
0 4 7 15 3
0 4 7 15 6
0 4 7 15 7
0 5 7 15 2
0 5 7 15 3
0 5 7 15 6
0 5 7 15 7
0 6 7 15 2
0 6 7 15 3
0 6 7 15 6
0 6 7 15 7
0 4 7 16 2
0 4 7 16 6
0 4 7 17 2
0 4 7 17 6
0 5 7 16 2
0 5 7 16 6
0 5 7 17 2
0 5 7 17 6
0 4 7 18 2
0 4 7 18 6
0 4 7 19 2
0 4 7 19 6
0 5 7 18 2
0 5 7 18 6
0 5 7 19 2
0 5 7 19 6
0 6 7 16 2
0 6 7 16 6
0 6 7 17 2
0 6 7 17 6
0 7 7 16 2
0 7 7 16 3
0 7 7 16 6
0 7 7 16 7
0 7 7 17 2
0 7 7 17 6
0 6 7 18 2
0 6 7 18 6
0 7 7 18 2
0 7 7 18 6
0 4 7 20 2
0 4 7 20 6
0 4 7 21 2
0 4 7 21 6
0 5 7 20 2
0 5 7 20 6
0 5 7 21 2
0 5 7 21 6
0 4 7 22 2
0 4 7 22 6
0 4 7 23 2
0 4 7 23 6
0 5 7 22 2
0 5 7 22 6
0 5 7 23 2
0 5 7 23 6
0 6 7 21 2
0 6 7 21 3
0 6 7 21 6
0 6 7 21 7
0 7 7 21 2
0 7 7 21 3
0 7 7 21 6
0 7 7 21 7
0 6 7 22 2
0 6 7 22 6
0 6 7 23 2
0 6 7 23 6
0 7 7 22 2
0 7 7 22 6
0 7 7 23 2
0 7 7 23 6
0 4 7 24 2
0 4 7 24 6
0 5 7 24 2
0 5 7 24 6
0 6 7 24 2
0 6 7 24 6
0 4 8 15 2
0 4 8 15 3
0 5 8 15 2
0 5 8 15 3
0 6 8 15 2
0 6 8 15 3
0 4 8 16 2
0 4 8 17 2
0 4 9 16 2
0 4 9 16 3
0 5 8 16 2
0 5 8 17 2
0 5 9 16 2
0 5 9 16 3
0 4 8 18 2
0 4 8 19 2
0 5 8 18 2
0 5 8 19 2
0 6 8 16 2
0 6 8 17 2
0 6 9 16 2
0 6 9 16 3
0 7 8 16 2
0 7 8 16 3
0 7 8 17 2
0 6 8 18 2
0 7 8 18 2
0 4 8 20 2
0 5 8 20 2
0 6 8 21 3
0 7 8 21 3
0 18 7 15 0
0 18 7 15 1
0 18 7 15 2
0 18 7 15 3
0 18 7 15 4
0 18 7 15 5
0 18 7 15 6
0 18 7 15 7
0 19 7 15 2
0 19 7 15 3
0 19 7 15 6
0 19 7 15 7
0 18 7 16 1
0 18 7 16 2
0 18 7 16 5
0 18 7 16 6
0 18 7 17 1
0 18 7 17 2
0 18 7 17 5
0 18 7 17 6
0 19 7 16 2
0 19 7 16 6
0 19 7 17 2
0 19 7 17 6
0 18 7 18 1
0 18 7 18 2
0 18 7 18 5
0 18 7 18 6
0 19 7 18 2
0 19 7 18 6
0 18 7 21 0
0 18 7 21 1
0 18 7 21 2
0 18 7 21 3
0 18 7 21 4
0 18 7 21 5
0 18 7 21 6
0 18 7 21 7
0 19 7 21 2
0 19 7 21 3
0 19 7 21 6
0 19 7 21 7
0 18 7 22 1
0 18 7 22 2
0 18 7 22 5
0 18 7 22 6
0 18 7 23 1
0 18 7 23 2
0 18 7 23 5
0 18 7 23 6
0 19 7 22 2
0 19 7 22 6
0 19 7 23 2
0 19 7 23 6
0 18 7 24 1
0 18 7 24 2
0 18 7 24 5
0 18 7 24 6
0 19 7 24 2
0 19 7 24 6
0 18 8 15 0
0 18 8 15 1
0 18 8 15 2
0 18 8 15 3
0 18 9 15 0
0 18 9 15 1
0 18 9 15 2
0 18 9 15 3
0 19 8 15 2
0 19 8 15 3
0 19 9 15 2
0 19 9 15 3
0 18 8 16 1
0 18 8 16 2
0 18 8 17 1
0 18 8 17 2
0 18 9 16 1
0 18 9 16 2
0 19 8 16 2
0 19 8 17 2
0 19 9 16 2
0 18 8 18 1
0 18 8 18 2
0 19 8 18 2
0 18 8 21 0
0 18 8 21 3
0 19 8 21 3
0 20 7 15 2
0 20 7 15 3
0 20 7 15 6
0 20 7 15 7
0 21 7 15 2
0 21 7 15 3
0 21 7 15 6
0 21 7 15 7
0 22 7 15 2
0 22 7 15 3
0 22 7 15 6
0 22 7 15 7
0 20 7 16 2
0 20 7 16 6
0 20 7 17 2
0 20 7 17 6
0 21 7 16 2
0 21 7 16 6
0 21 7 17 2
0 21 7 17 6
0 20 7 18 2
0 20 7 18 6
0 21 7 18 2
0 21 7 18 6
0 22 7 16 2
0 22 7 16 6
0 22 7 17 2
0 22 7 17 6
0 22 7 18 2
0 22 7 18 6
0 20 7 21 2
0 20 7 21 3
0 20 7 21 6
0 20 7 21 7
0 21 7 21 2
0 21 7 21 3
0 21 7 21 6
0 21 7 21 7
0 20 7 22 2
0 20 7 22 6
0 20 7 23 2
0 20 7 23 6
0 21 7 22 2
0 21 7 22 6
0 21 7 23 2
0 21 7 23 6
0 22 7 21 2
0 22 7 21 3
0 22 7 21 6
0 22 7 21 7
0 22 7 22 2
0 22 7 22 6
0 22 7 23 2
0 22 7 23 6
0 20 7 24 2
0 20 7 24 6
0 21 7 24 2
0 21 7 24 6
0 22 7 24 2
0 22 7 24 6
0 20 8 15 2
0 20 8 15 3
0 20 9 15 2
0 20 9 15 3
0 21 8 15 2
0 21 8 15 3
0 21 9 15 2
0 21 9 15 3
0 22 8 15 2
0 22 8 15 3
0 20 8 16 2
0 20 8 17 2
0 20 9 16 2
0 21 8 16 2
0 21 8 17 2
0 21 9 16 2
0 20 8 18 2
0 21 8 18 2
0 22 8 16 2
0 22 8 17 2
0 22 8 18 2
0 20 8 21 3
0 21 8 21 3
0 22 8 21 3
