0 22 19 15 2
0 22 19 15 3
0 22 19 16 2
0 22 19 17 2
0 22 18 18 2
0 22 19 18 2
0 22 19 19 2
0 22 19 19 6
0 22 18 21 2
0 22 18 21 3
0 22 19 20 2
0 22 19 21 2
0 22 18 22 2
0 22 18 23 2
0 22 19 22 2
0 22 19 23 2
0 22 18 24 2
0 22 19 24 2
0 22 20 15 2
0 22 20 15 3
0 22 21 14 2
0 22 21 14 3
0 22 21 14 7
0 22 21 15 2
0 23 20 15 2
0 23 20 15 3
0 23 20 15 6
0 23 20 15 7
0 23 21 14 2
0 23 21 14 3
0 23 21 14 7
0 23 21 15 2
0 22 22 13 2
0 22 22 13 3
0 22 22 13 7
0 22 23 13 2
0 22 23 13 3
0 23 23 13 2
0 23 23 13 3
0 23 23 13 6
0 23 23 13 7
0 22 22 14 2
0 22 22 15 2
0 22 23 14 2
0 22 23 15 2
0 23 22 14 2
0 23 22 15 2
0 23 23 14 2
0 23 23 15 2
0 22 20 16 2
0 22 20 17 2
0 22 21 16 2
0 22 21 17 2
0 23 20 16 2
0 23 20 16 6
0 23 21 16 2
0 22 20 18 2
0 22 20 19 2
0 22 21 18 2
0 22 21 19 2
0 23 20 19 2
0 23 20 19 3
0 23 20 19 6
0 23 20 19 7
0 23 21 18 2
0 23 21 18 3
0 23 21 18 7
0 23 21 19 2
0 22 22 16 2
0 22 22 17 2
0 22 23 16 2
0 22 23 17 2
0 23 22 16 2
0 23 22 17 2
0 23 23 16 2
0 23 23 17 2
0 22 22 18 2
0 22 22 19 2
0 22 23 18 2
0 22 23 19 2
0 23 22 18 2
0 23 22 19 2
0 23 23 18 2
0 23 23 19 2
0 22 20 20 2
0 22 20 21 2
0 22 21 20 2
0 22 21 21 2
0 23 20 20 2
0 23 20 20 6
0 23 21 20 2
0 23 21 21 2
0 23 21 21 6
0 22 20 22 2
0 22 20 23 2
0 22 21 22 2
0 22 21 23 2
0 23 20 23 2
0 23 20 23 3
0 23 20 23 6
0 23 20 23 7
0 23 21 23 2
0 23 21 23 3
0 22 22 20 2
0 22 22 21 2
0 22 23 20 2
0 22 23 21 2
0 23 22 20 2
0 23 22 21 2
0 23 23 20 2
0 23 23 21 2
0 22 22 22 2
0 22 22 23 2
0 22 23 22 2
0 22 23 23 2
0 23 22 22 2
0 23 22 23 2
0 23 23 22 2
0 23 23 23 2
0 22 20 24 2
0 22 21 24 2
0 22 21 25 2
0 22 21 25 6
0 23 20 24 2
0 23 20 24 6
0 23 21 24 2
0 23 21 25 2
0 23 21 25 6
0 22 22 24 2
0 22 22 25 2
0 22 23 24 2
0 22 23 25 2
0 23 22 24 2
0 23 22 25 2
0 23 23 24 2
0 23 23 25 2
0 22 22 26 2
0 22 22 26 6
0 22 23 26 2
0 23 23 26 2
0 23 23 26 6
0 22 27 11 2
0 22 27 11 3
0 22 27 11 6
0 22 27 11 7
0 23 27 11 2
0 23 27 11 3
0 23 27 11 6
0 23 27 11 7
0 22 24 13 2
0 22 24 13 3
0 22 25 12 2
0 22 25 12 3
0 22 25 12 7
0 22 25 13 2
0 23 24 13 2
0 23 24 13 3
0 23 25 13 2
0 23 25 13 3
0 22 24 14 2
0 22 24 15 2
0 22 25 15 2
0 22 25 15 3
0 23 24 14 2
0 23 24 15 2
0 23 25 14 2
0 22 26 12 2
0 22 26 13 2
0 22 27 12 2
0 22 27 13 2
0 23 26 12 2
0 23 26 12 7
0 23 26 13 2
0 23 27 12 2
0 23 27 13 2
0 22 26 15 2
0 22 26 15 3
0 22 27 15 2
0 22 27 15 3
0 23 26 14 2
0 22 24 16 2
0 22 24 17 2
0 22 25 16 2
0 22 25 17 2
0 23 24 16 2
0 23 24 17 2
0 23 25 16 2
0 23 25 16 3
0 23 25 17 2
0 22 24 18 2
0 22 24 19 2
0 22 25 18 2
0 22 25 19 2
0 23 24 18 2
0 23 24 19 2
0 23 25 18 2
0 23 25 19 2
0 22 26 16 2
0 22 26 17 2
0 22 27 16 2
0 22 27 17 2
0 23 26 16 2
0 23 26 16 3
0 23 26 17 2
0 23 27 16 2
0 23 27 16 3
0 23 27 17 2
0 22 26 18 2
0 22 26 19 2
0 22 27 18 2
0 22 27 19 2
0 23 26 18 2
0 23 26 19 2
0 23 27 18 2
0 23 27 19 2
0 22 24 20 2
0 22 24 21 2
0 22 25 20 2
0 22 25 21 2
0 23 24 20 2
0 23 24 21 2
0 23 25 20 2
0 23 25 21 2
0 22 24 22 2
0 22 24 23 2
0 22 25 22 2
0 22 25 23 2
0 23 24 22 2
0 23 24 23 2
0 23 25 22 2
0 23 25 23 2
0 22 26 20 2
0 22 26 21 2
0 22 27 20 2
0 22 27 21 2
0 23 26 20 2
0 23 26 21 2
0 23 27 20 2
0 23 27 21 2
0 22 26 22 2
0 22 26 23 2
0 22 27 22 2
0 22 27 23 2
0 23 26 22 2
0 23 26 23 2
0 23 27 22 2
0 23 27 23 2
0 22 24 24 2
0 22 24 25 2
0 22 25 24 2
0 23 24 24 2
0 23 24 25 2
0 23 25 25 1
0 23 25 25 2
0 23 25 25 3
0 22 24 26 2
0 22 25 26 2
0 22 25 27 2
0 22 25 27 6
0 23 24 26 2
0 23 25 26 2
0 22 26 24 2
0 22 27 24 2
0 23 26 25 1
0 23 26 25 2
0 23 26 25 3
0 22 26 26 2
0 22 26 27 2
0 22 27 26 2
0 22 27 26 3
0 22 27 27 2
0 23 26 26 2
0 23 26 27 2
0 23 26 27 6
0 23 27 26 2
0 23 27 26 3
0 23 27 27 2
0 22 27 28 2
0 22 27 28 6
0 23 27 28 2
0 23 27 28 6
0 22 28 11 2
0 22 28 11 3
0 22 29 10 2
0 22 29 10 3
0 22 29 10 7
0 22 29 11 2
0 23 28 11 2
0 23 28 11 3
0 23 29 11 2
0 23 29 11 3
0 22 30 10 2
0 22 30 10 3
0 22 30 11 2
0 22 31 10 2
0 22 31 10 3
0 22 31 11 2
0 23 30 10 2
0 23 30 10 3
0 23 30 10 7
0 23 30 11 2
0 23 31 10 2
0 23 31 10 3
0 23 31 11 2
0 22 28 12 2
0 23 28 12 2
0 23 29 12 1
0 23 29 12 2
0 22 28 16 2
0 22 28 16 3
0 22 28 17 2
0 22 29 16 2
0 22 29 16 3
0 22 29 17 2
0 23 28 16 2
0 23 28 16 3
0 23 28 17 2
0 23 29 17 2
0 23 29 17 3
0 22 28 18 2
0 22 28 19 2
0 22 29 18 2
0 22 29 19 2
0 23 28 18 2
0 23 28 19 2
0 23 29 18 2
0 23 29 19 2
0 22 30 17 2
0 22 30 17 3
0 22 31 17 2
0 22 31 17 3
0 23 30 17 2
0 23 30 17 3
0 22 30 18 2
0 22 30 19 2
0 22 31 18 2
0 22 31 19 2
0 23 30 18 2
0 23 30 19 2
0 22 28 20 2
0 22 28 21 2
0 22 29 20 2
0 22 29 21 2
0 23 28 20 2
0 23 28 21 2
0 23 29 20 2
0 23 29 21 2
0 22 28 22 2
0 22 28 23 2
0 22 29 22 2
0 22 29 23 2
0 23 28 22 2
0 23 28 23 2
0 23 29 22 2
0 22 30 20 2
0 22 30 21 2
0 22 31 20 2
0 22 31 21 2
0 23 30 20 2
0 23 30 21 2
0 22 30 22 2
0 22 31 22 2
0 23 30 22 2
0 22 28 27 2
0 22 28 27 3
0 23 28 27 2
0 23 28 27 3
0 23 29 27 0
0 23 29 27 1
0 23 29 27 2
0 23 29 27 3
0 22 28 28 2
0 22 29 28 2
0 22 29 29 2
0 22 29 29 6
0 23 28 28 2
0 23 29 28 2
0 22 30 28 2
0 22 30 28 3
0 22 30 29 2
0 22 31 28 2
0 22 31 28 3
0 22 31 29 2
0 23 30 28 2
0 23 30 28 3
0 23 30 29 2
0 23 30 29 6
0 23 31 28 2
0 23 31 28 3
0 23 31 29 2
0 22 32 10 2
0 22 32 10 3
0 22 32 11 2
0 23 32 10 2
0 23 32 10 3
0 23 32 11 2
0 22 32 28 2
0 22 32 28 3
0 22 32 29 2
0 23 32 28 2
0 23 32 28 3
0 23 32 29 2
0 24 21 15 2
0 24 21 15 3
0 24 21 15 6
0 24 21 15 7
0 24 22 15 2
0 24 22 15 3
0 24 23 14 2
0 24 23 14 3
0 24 23 14 7
0 24 23 15 2
0 24 21 16 2
0 24 21 16 6
0 24 21 19 2
0 24 21 19 3
0 24 21 19 6
0 24 21 19 7
0 24 22 16 2
0 24 22 17 2
0 24 22 17 6
0 24 23 16 2
0 24 23 17 2
0 25 22 17 2
0 25 22 17 3
0 25 22 17 6
0 25 22 17 7
0 25 23 16 2
0 25 23 16 3
0 25 23 16 7
0 25 23 17 2
0 24 22 18 2
0 24 22 19 2
0 24 23 18 2
0 24 23 19 2
0 25 22 18 2
0 25 22 18 6
0 25 22 19 2
0 25 22 19 6
0 25 23 18 2
0 25 23 19 2
0 27 21 18 0
0 27 21 18 1
0 27 21 18 2
0 27 21 18 3
0 27 21 18 4
0 27 21 18 5
0 27 21 18 6
0 27 21 18 7
0 26 22 17 2
0 26 22 17 3
0 26 22 17 7
0 26 23 16 2
0 26 23 16 3
0 26 23 16 7
0 26 23 17 2
0 27 22 17 2
0 27 22 17 3
0 27 22 17 7
0 27 23 16 2
0 27 23 16 3
0 27 23 16 7
0 27 23 17 2
0 26 22 18 2
0 26 22 19 2
0 26 22 19 6
0 26 23 18 2
0 26 23 19 2
0 27 22 18 2
0 27 22 19 2
0 27 22 19 6
0 27 23 18 2
0 27 23 19 2
0 24 21 20 2
0 24 21 20 6
0 24 21 23 2
0 24 21 23 3
0 24 21 23 6
0 24 21 23 7
0 24 22 20 2
0 24 22 21 2
0 24 22 21 6
0 24 23 20 2
0 24 23 21 2
0 25 22 20 2
0 25 22 20 6
0 25 22 21 2
0 25 22 21 6
0 25 23 20 2
0 25 23 21 2
0 24 22 22 2
0 24 22 23 2
0 24 23 22 2
0 24 23 23 2
0 25 22 22 2
0 25 22 22 6
0 25 23 22 2
0 25 23 23 2
0 25 23 23 6
0 27 21 21 0
0 27 21 21 1
0 27 21 21 2
0 27 21 21 3
0 27 21 21 4
0 27 21 21 5
0 27 21 21 6
0 27 21 21 7
0 26 22 20 2
0 26 22 21 2
0 26 23 20 2
0 26 23 21 2
0 27 22 20 2
0 27 22 21 2
0 27 23 20 2
0 27 23 21 2
0 26 22 22 2
0 26 22 22 6
0 26 23 22 2
0 26 23 23 2
0 26 23 23 6
0 27 22 22 2
0 27 22 22 6
0 27 23 22 2
0 27 23 23 2
0 27 23 23 6
0 24 21 24 2
0 24 21 24 6
0 24 22 24 2
0 24 23 24 2
0 24 23 25 2
0 24 23 25 6
0 24 24 14 2
0 24 24 14 3
0 24 24 15 2
0 24 25 14 2
0 24 25 14 3
0 24 25 15 2
0 25 24 15 2
0 25 24 15 3
0 25 24 15 7
0 25 25 15 2
0 25 25 15 3
0 24 26 13 2
0 24 26 13 3
0 24 26 13 7
0 24 27 12 2
0 24 27 12 3
0 24 27 12 7
0 24 27 13 2
0 25 27 13 2
0 25 27 13 3
0 25 27 13 6
0 25 27 13 7
0 24 26 14 2
0 24 26 15 2
0 24 27 14 1
0 24 27 14 2
0 25 26 14 2
0 25 26 14 7
0 25 26 15 2
0 25 27 14 2
0 25 27 15 1
0 25 27 15 2
0 26 27 14 2
0 26 27 14 3
0 26 27 14 6
0 26 27 14 7
0 26 27 15 2
0 26 27 15 6
0 24 24 16 2
0 24 24 17 2
0 24 25 16 2
0 24 25 17 2
0 25 24 16 2
0 25 24 17 2
0 25 25 16 2
0 25 25 17 2
0 24 24 18 2
0 24 24 19 2
0 24 25 18 2
0 24 25 19 2
0 25 24 18 2
0 25 24 19 2
0 25 25 18 2
0 25 25 19 2
0 24 26 16 2
0 24 26 17 2
0 24 27 16 2
0 24 27 17 2
0 25 26 16 2
0 25 26 17 2
0 25 27 16 2
0 25 27 17 2
0 24 26 18 2
0 24 26 19 2
0 24 27 18 2
0 24 27 19 2
0 25 26 18 2
0 25 26 19 2
0 25 27 18 2
0 25 27 19 2
0 26 24 16 2
0 26 24 16 3
0 26 24 17 2
0 26 25 16 2
0 26 25 16 3
0 26 25 17 2
0 27 24 16 2
0 27 24 16 3
0 27 24 17 2
0 27 25 16 2
0 27 25 16 3
0 27 25 17 2
0 26 24 18 2
0 26 24 19 2
0 26 25 18 2
0 26 25 19 2
0 27 24 18 2
0 27 24 19 2
0 27 25 18 2
0 27 25 19 2
0 26 26 16 2
0 26 26 17 2
0 26 27 16 2
0 26 27 17 2
0 27 26 16 2
0 27 26 16 3
0 27 26 17 2
0 27 27 16 2
0 27 27 16 3
0 27 27 17 2
0 26 26 18 2
0 26 26 19 2
0 26 27 18 2
0 26 27 19 2
0 27 26 18 2
0 27 26 19 2
0 27 27 18 2
0 27 27 19 2
0 24 24 20 2
0 24 24 21 2
0 24 25 20 2
0 24 25 21 2
0 25 24 20 2
0 25 24 21 2
0 25 25 20 2
0 25 25 21 2
0 24 24 22 2
0 24 24 23 2
0 24 25 22 2
0 24 25 23 2
0 25 24 22 2
0 25 24 23 2
0 25 25 22 2
0 25 25 23 2
0 24 26 20 2
0 24 26 21 2
0 24 27 20 2
0 24 27 21 2
0 25 26 20 2
0 25 26 21 2
0 25 27 20 2
0 25 27 21 2
0 24 26 22 2
0 24 26 23 2
0 24 27 22 2
0 24 27 23 2
0 25 26 22 2
0 25 26 23 2
0 25 27 22 2
0 25 27 23 2
0 26 24 20 2
0 26 24 21 2
0 26 25 20 2
0 26 25 21 2
0 27 24 20 2
0 27 24 21 2
0 27 25 20 2
0 27 25 21 2
0 26 24 22 2
0 26 24 23 2
0 26 25 22 2
0 26 25 23 2
0 27 24 22 2
0 27 24 23 2
0 27 25 22 2
0 27 25 23 2
0 26 26 20 2
0 26 26 21 2
0 26 27 20 2
0 26 27 21 2
0 27 26 20 2
0 27 26 21 2
0 27 27 20 2
0 27 27 21 2
0 26 26 22 2
0 26 26 23 2
0 26 27 22 2
0 26 27 23 2
0 27 26 22 2
0 27 26 23 2
0 27 27 22 2
0 27 27 23 2
0 24 24 24 2
0 24 24 25 2
0 24 25 24 2
0 24 25 25 2
0 25 24 24 2
0 25 24 24 6
0 25 25 24 2
0 24 26 24 2
0 24 26 25 2
0 24 27 25 0
0 24 27 25 2
0 24 27 25 3
0 25 26 24 2
0 25 26 25 2
0 25 26 25 6
0 25 27 24 2
0 25 27 25 2
0 24 26 26 2
0 24 26 26 6
0 24 27 26 2
0 24 27 27 2
0 24 27 27 6
0 25 27 26 2
0 25 27 26 6
0 26 27 24 2
0 26 27 24 6
0 26 27 25 2
0 26 27 25 6
0 24 28 11 2
0 24 28 11 3
0 24 28 11 7
0 24 29 11 2
0 24 29 11 3
0 24 30 11 2
0 24 30 11 3
0 24 31 11 2
0 24 31 11 3
0 24 28 12 2
0 24 28 13 1
0 24 28 13 2
0 24 29 12 2
0 24 29 13 1
0 24 29 13 2
0 25 28 12 2
0 25 28 12 3
0 25 28 12 7
0 25 28 13 2
0 25 29 12 2
0 25 29 12 3
0 25 29 13 2
0 25 28 14 1
0 25 28 14 2
0 25 28 15 1
0 25 28 15 2
0 25 29 14 1
0 25 29 14 2
0 25 29 15 1
0 25 29 15 2
0 24 30 12 1
0 24 30 12 2
0 24 31 12 1
0 24 31 12 2
0 25 30 12 2
0 25 30 12 3
0 25 30 13 1
0 25 30 13 2
0 25 31 12 2
0 25 31 12 3
0 25 31 13 1
0 25 31 13 2
0 25 30 14 1
0 25 30 14 2
0 25 30 15 1
0 25 30 15 2
0 25 31 14 1
0 25 31 14 2
0 26 29 13 2
0 26 29 13 3
0 26 29 13 6
0 26 29 13 7
0 26 28 14 2
0 26 28 15 2
0 26 29 14 2
0 26 29 15 2
0 27 29 14 2
0 27 29 14 3
0 27 29 14 6
0 27 29 14 7
0 27 29 15 2
0 27 29 15 6
0 26 30 13 2
0 26 30 13 3
0 26 31 13 2
0 26 31 13 3
0 26 30 14 2
0 26 30 15 2
0 26 31 14 2
0 26 31 15 1
0 26 31 15 2
0 27 30 14 2
0 27 30 14 3
0 27 30 15 2
0 27 31 14 2
0 27 31 14 3
0 27 31 15 2
0 24 28 17 2
0 24 28 17 3
0 24 29 17 2
0 24 29 17 3
0 25 28 16 2
0 25 28 17 2
0 25 29 16 2
0 25 29 17 2
0 24 28 18 2
0 24 28 19 2
0 24 29 18 2
0 24 29 19 2
0 25 28 18 2
0 25 28 19 2
0 25 29 18 2
0 25 29 19 2
0 24 30 17 2
0 24 30 17 3
0 25 30 16 2
0 25 30 17 2
0 24 30 18 2
0 24 30 19 2
0 25 30 18 2
0 25 30 19 2
0 25 31 18 0
0 25 31 18 1
0 25 31 18 2
0 25 31 18 3
0 25 31 19 1
0 25 31 19 2
0 26 28 16 2
0 26 28 17 2
0 26 29 16 2
0 26 29 17 2
0 27 28 16 2
0 27 28 17 2
0 27 29 16 2
0 27 29 17 2
0 26 28 18 2
0 26 28 19 2
0 26 29 18 2
0 26 29 19 2
0 27 28 18 2
0 27 28 19 2
0 27 29 18 2
0 27 29 19 2
0 26 30 16 2
0 26 30 17 2
0 26 31 16 1
0 26 31 16 2
0 26 31 17 2
0 27 30 16 2
0 27 30 17 2
0 27 31 16 2
0 27 31 17 2
0 26 30 18 2
0 26 30 19 2
0 26 31 18 2
0 26 31 19 2
0 27 30 18 2
0 27 30 19 2
0 27 31 18 2
0 27 31 19 2
0 24 28 20 2
0 24 28 21 2
0 24 29 20 2
0 24 29 21 2
0 25 28 20 2
0 25 28 21 2
0 25 29 20 2
0 25 29 21 2
0 24 28 22 2
0 24 29 22 2
0 25 28 22 2
0 25 28 23 1
0 25 28 23 2
0 25 29 22 2
0 25 29 23 1
0 25 29 23 2
0 24 30 20 2
0 24 30 21 2
0 25 30 20 2
0 25 30 21 2
0 25 31 20 1
0 25 31 20 2
0 25 31 21 1
0 25 31 21 2
0 24 30 22 2
0 25 30 22 2
0 25 30 23 1
0 25 30 23 2
0 26 28 20 2
0 26 28 21 2
0 26 29 20 2
0 26 29 21 2
0 27 28 20 2
0 27 28 21 2
0 27 29 20 2
0 27 29 21 2
0 26 28 22 2
0 26 28 23 2
0 26 29 22 2
0 26 29 23 2
0 27 28 22 2
0 27 28 23 2
0 27 29 22 2
0 27 29 23 2
0 26 30 20 2
0 26 30 21 2
0 26 31 20 2
0 26 31 21 2
0 27 30 20 2
0 27 30 21 2
0 27 31 20 2
0 27 31 21 2
0 26 30 22 2
0 26 30 23 2
0 26 31 22 1
0 26 31 22 2
0 26 31 23 1
0 26 31 23 2
0 27 30 22 2
0 27 30 23 2
0 27 31 22 2
0 27 31 23 2
0 25 28 24 1
0 25 28 24 2
0 25 28 25 1
0 25 28 25 2
0 25 29 24 1
0 25 29 24 2
0 25 29 25 1
0 25 29 25 2
0 24 28 26 0
0 24 28 26 2
0 24 28 27 2
0 24 29 26 0
0 24 29 26 2
0 24 29 27 2
0 25 28 26 2
0 25 28 27 2
0 25 28 27 6
0 25 29 26 2
0 25 29 27 2
0 25 30 24 1
0 25 30 24 2
0 25 30 25 1
0 25 30 25 2
0 25 31 25 0
0 25 31 25 1
0 25 31 25 2
0 25 31 25 3
0 24 30 27 0
0 24 30 27 2
0 24 30 27 3
0 24 31 27 0
0 24 31 27 2
0 24 31 27 3
0 25 30 26 2
0 25 30 27 2
0 25 31 26 2
0 25 31 27 2
0 26 28 24 2
0 26 28 25 2
0 26 29 24 2
0 26 29 25 2
0 27 29 24 2
0 27 29 24 6
0 27 29 25 2
0 27 29 25 6
0 26 29 26 2
0 26 29 26 6
0 26 30 24 2
0 26 30 25 2
0 26 31 24 2
0 26 31 25 2
0 27 30 24 2
0 27 30 25 2
0 27 31 24 2
0 27 31 25 2
0 26 30 26 2
0 26 31 26 2
0 24 28 28 2
0 24 28 28 6
0 24 29 28 2
0 24 30 28 2
0 24 31 28 2
0 24 32 11 2
0 24 32 11 3
0 24 32 12 1
0 24 32 12 2
0 24 32 13 1
0 24 32 13 2
0 24 32 13 5
0 25 32 12 2
0 25 32 12 3
0 25 32 13 2
0 25 32 14 1
0 25 32 14 2
0 25 32 15 1
0 25 32 15 2
0 25 32 15 5
0 26 32 13 2
0 26 32 13 3
0 26 32 14 2
0 26 32 15 2
0 27 32 14 2
0 27 32 14 3
0 27 32 15 2
0 26 32 16 1
0 26 32 16 2
0 27 32 16 2
0 26 32 23 0
0 26 32 23 1
0 26 32 23 2
0 26 32 23 3
0 27 32 23 2
0 27 32 23 3
0 25 32 24 0
0 25 32 24 1
0 25 32 24 2
0 25 32 24 4
0 25 32 25 1
0 25 32 25 2
0 24 32 26 0
0 24 32 26 1
0 24 32 26 2
0 24 32 26 4
0 24 32 27 2
0 25 32 26 2
0 25 32 27 2
0 26 32 24 2
0 26 32 25 2
0 27 32 24 2
0 27 32 25 2
0 26 32 26 2
0 24 32 28 2
0 28 21 18 2
0 28 21 18 3
0 28 21 18 6
0 28 21 18 7
0 28 21 19 2
0 28 21 19 5
0 28 21 19 6
0 29 20 19 2
0 29 20 19 3
0 29 20 19 4
0 29 20 19 5
0 29 20 19 6
0 29 20 19 7
0 29 21 18 2
0 29 21 18 3
0 29 21 18 7
0 29 21 19 2
0 28 22 17 2
0 28 22 17 3
0 28 22 17 7
0 28 23 16 2
0 28 23 16 3
0 28 23 16 7
0 28 23 17 2
0 29 22 17 2
0 29 22 17 3
0 29 22 17 7
0 29 23 17 2
0 29 23 17 3
0 28 22 18 2
0 28 22 19 2
0 28 23 18 2
0 28 23 19 2
0 29 22 18 2
0 29 22 19 2
0 29 23 18 2
0 29 23 19 2
0 30 21 16 0
0 30 21 16 2
0 30 21 16 3
0 30 21 16 4
0 30 21 16 5
0 30 21 16 6
0 30 21 16 7
0 30 21 17 2
0 30 21 17 6
0 31 20 16 2
0 31 20 16 3
0 31 20 16 4
0 31 20 16 5
0 31 20 16 6
0 31 20 16 7
0 31 20 17 2
0 31 20 17 5
0 31 20 17 6
0 31 21 16 2
0 31 21 16 3
0 31 21 17 2
0 30 20 19 2
0 30 20 19 3
0 30 20 19 6
0 30 20 19 7
0 30 21 18 2
0 30 21 19 2
0 31 21 18 2
0 31 21 18 6
0 31 21 19 2
0 31 21 19 6
0 30 22 16 0
0 30 22 16 2
0 30 22 16 3
0 30 22 17 2
0 30 23 16 0
0 30 23 16 2
0 30 23 16 3
0 30 23 17 2
0 31 22 16 2
0 31 22 16 3
0 31 22 17 2
0 31 23 16 2
0 31 23 16 3
0 31 23 17 2
0 30 22 18 2
0 30 22 19 2
0 30 23 18 2
0 30 23 19 2
0 31 22 18 2
0 31 22 19 2
0 31 23 18 2
0 31 23 19 2
0 28 21 20 2
0 28 21 20 6
0 28 21 21 2
0 28 21 21 6
0 29 20 20 2
0 29 20 20 5
0 29 20 20 6
0 29 21 20 2
0 29 21 21 2
0 29 21 21 6
0 28 22 20 2
0 28 22 21 2
0 28 23 20 2
0 28 23 21 2
0 29 22 20 2
0 29 22 21 2
0 29 23 20 2
0 29 23 21 2
0 28 22 22 2
0 28 22 22 6
0 28 23 22 2
0 28 23 23 2
0 28 23 23 6
0 29 22 22 2
0 29 22 22 6
0 29 23 22 2
0 30 20 20 2
0 30 20 20 6
0 30 21 20 2
0 30 21 21 2
0 30 21 21 6
0 31 21 20 2
0 31 21 20 6
0 31 21 21 2
0 31 21 21 6
0 30 21 22 2
0 30 21 22 5
0 30 21 22 6
0 30 21 23 1
0 30 21 23 2
0 30 21 23 5
0 30 21 23 6
0 31 20 22 2
0 31 20 22 4
0 31 20 22 5
0 31 20 22 6
0 31 20 22 7
0 31 20 23 2
0 31 20 23 5
0 31 20 23 6
0 31 21 22 2
0 31 21 23 2
0 30 22 20 2
0 30 22 21 2
0 30 23 20 2
0 30 23 21 2
0 31 22 20 2
0 31 22 21 2
0 31 23 20 2
0 31 23 21 2
0 30 22 22 2
0 30 22 23 1
0 30 22 23 2
0 30 23 22 2
0 30 23 23 1
0 30 23 23 2
0 31 22 22 2
0 31 22 23 2
0 31 23 22 2
0 31 23 23 2
0 28 24 16 2
0 28 24 16 3
0 28 24 17 2
0 28 25 16 2
0 28 25 16 3
0 28 25 17 2
0 29 24 16 2
0 29 24 16 3
0 29 24 17 2
0 29 25 16 2
0 29 25 16 3
0 29 25 17 2
0 28 24 18 2
0 28 24 19 2
0 28 25 18 2
0 28 25 19 2
0 29 24 18 2
0 29 24 19 2
0 29 25 18 2
0 29 25 19 2
0 28 26 16 2
0 28 26 16 3
0 28 26 17 2
0 28 27 16 2
0 28 27 16 3
0 28 27 17 2
0 29 26 16 2
0 29 26 16 3
0 29 26 17 2
0 29 27 16 2
0 29 27 16 3
0 29 27 17 2
0 28 26 18 2
0 28 26 19 2
0 28 27 18 2
0 28 27 19 2
0 29 26 18 2
0 29 26 19 2
0 29 27 18 2
0 29 27 19 2
0 30 24 17 2
0 30 24 17 3
0 30 25 16 2
0 30 25 16 3
0 30 25 16 7
0 30 25 17 2
0 31 24 17 2
0 31 24 17 3
0 31 25 17 2
0 31 25 17 3
0 30 24 18 2
0 30 24 19 2
0 30 25 18 2
0 30 25 19 2
0 31 24 18 2
0 31 24 19 2
0 31 25 18 2
0 31 25 19 2
0 30 26 16 2
0 30 26 16 3
0 30 26 17 2
0 30 27 16 2
0 30 27 16 3
0 30 27 17 2
0 31 26 16 2
0 31 26 16 3
0 31 26 16 7
0 31 26 17 2
0 31 27 17 2
0 31 27 17 3
0 30 26 18 2
0 30 26 19 2
0 30 27 18 2
0 30 27 19 2
0 31 26 18 2
0 31 26 19 2
0 31 27 18 2
0 31 27 19 2
0 28 24 20 2
0 28 24 21 2
0 28 25 20 2
0 28 25 21 2
0 29 24 20 2
0 29 24 21 2
0 29 25 20 2
0 29 25 21 2
0 28 24 22 2
0 28 24 23 2
0 28 25 22 2
0 28 25 23 2
0 29 24 22 2
0 29 24 23 2
0 29 25 22 2
0 29 25 23 2
0 28 26 20 2
0 28 26 21 2
0 28 27 20 2
0 28 27 21 2
0 29 26 20 2
0 29 26 21 2
0 29 27 20 2
0 29 27 21 2
0 28 26 22 2
0 28 26 23 2
0 28 27 22 2
0 28 27 23 2
0 29 26 22 2
0 29 26 23 2
0 29 27 22 2
0 29 27 23 2
0 30 24 20 2
0 30 24 21 2
0 30 25 20 2
0 30 25 21 2
0 31 24 20 2
0 31 24 21 2
0 31 25 20 2
0 31 25 21 2
0 30 24 22 2
0 30 25 22 2
0 30 25 23 2
0 30 25 23 6
0 31 24 22 2
0 31 25 22 2
0 30 26 20 2
0 30 26 21 2
0 30 27 20 2
0 30 27 21 2
0 31 26 20 2
0 31 26 21 2
0 31 27 20 2
0 31 27 21 2
0 30 26 22 2
0 30 26 23 2
0 30 27 22 2
0 30 27 23 2
0 31 26 22 2
0 31 26 23 2
0 31 26 23 6
0 31 27 22 2
0 28 29 15 2
0 28 29 15 3
0 28 29 15 6
0 28 29 15 7
0 28 30 15 2
0 28 30 15 3
0 28 31 15 2
0 28 31 15 3
0 28 28 16 2
0 28 28 17 2
0 28 29 16 2
0 28 29 17 2
0 29 28 16 2
0 29 28 16 3
0 29 28 17 2
0 29 29 16 2
0 29 29 16 3
0 29 29 17 2
0 28 28 18 2
0 28 28 19 2
0 28 29 18 2
0 28 29 19 2
0 29 28 18 2
0 29 28 19 2
0 29 29 18 2
0 29 29 19 2
0 28 30 16 2
0 28 30 17 2
0 28 31 16 2
0 28 31 17 2
0 29 30 16 2
0 29 30 16 3
0 29 30 17 2
0 29 31 17 2
0 29 31 17 3
0 28 30 18 2
0 28 30 19 2
0 28 31 18 2
0 28 31 19 2
0 29 30 18 2
0 29 30 19 2
0 29 31 19 2
0 29 31 19 3
0 30 28 16 2
0 30 28 16 3
0 30 28 17 2
0 30 29 17 2
0 30 29 17 3
0 31 28 17 2
0 31 28 17 3
0 30 28 18 2
0 30 28 19 2
0 30 29 18 2
0 30 29 19 2
0 31 28 18 2
0 31 28 19 2
0 31 29 18 2
0 31 29 18 3
0 31 29 19 2
0 30 30 17 2
0 30 30 17 3
0 30 30 18 2
0 30 30 19 2
0 28 28 20 2
0 28 28 21 2
0 28 29 20 2
0 28 29 21 2
0 29 28 20 2
0 29 28 21 2
0 29 29 20 2
0 29 29 21 2
0 28 28 22 2
0 28 28 23 2
0 28 29 22 2
0 28 29 23 2
0 29 28 22 2
0 29 28 23 2
0 29 29 22 2
0 29 29 23 2
0 28 30 20 2
0 28 30 21 2
0 28 31 20 2
0 28 31 21 2
0 29 30 20 2
0 29 30 21 2
0 29 31 20 2
0 28 30 22 2
0 28 30 23 2
0 28 31 22 2
0 28 31 23 2
0 29 30 22 2
0 29 30 23 2
0 29 31 22 2
0 29 31 22 3
0 30 28 20 2
0 30 28 21 2
0 30 29 20 2
0 30 29 21 2
0 31 28 20 2
0 31 28 21 2
0 31 29 20 2
0 31 29 21 2
0 30 28 22 2
0 30 28 23 2
0 30 29 22 2
0 31 28 22 2
0 30 30 20 2
0 30 30 21 2
0 30 30 22 2
0 28 29 24 2
0 28 29 24 6
0 28 30 24 2
0 28 31 24 2
0 33 19 15 0
0 33 19 15 1
0 33 19 15 2
0 33 19 15 3
0 34 19 15 2
0 34 19 15 3
0 35 19 15 2
0 35 19 15 3
0 33 19 16 1
0 33 19 16 2
0 33 19 17 1
0 33 19 17 2
0 32 19 18 1
0 32 19 18 2
0 32 19 19 1
0 32 19 19 2
0 33 19 18 2
0 33 19 19 2
0 34 19 16 2
0 34 19 17 2
0 35 19 16 2
0 34 19 18 2
0 34 19 19 2
0 35 19 18 2
0 35 19 18 3
0 35 19 19 2
0 32 19 20 1
0 32 19 20 2
0 32 19 21 2
0 32 19 21 5
0 32 19 21 6
0 33 18 21 2
0 33 19 20 2
0 33 19 21 2
0 33 19 22 1
0 33 19 22 2
0 33 19 22 5
0 33 19 22 6
0 33 19 23 1
0 33 19 23 2
0 33 19 23 5
0 33 19 23 6
0 34 19 20 2
0 34 19 21 2
0 35 19 20 2
0 35 19 21 2
0 34 19 22 2
0 34 19 22 6
0 34 19 23 2
0 34 19 23 6
0 35 19 23 2
0 35 19 23 3
0 35 19 23 6
0 35 19 23 7
0 33 19 24 1
0 33 19 24 2
0 33 19 24 5
0 33 19 24 6
0 34 19 24 2
0 34 19 24 6
0 35 19 24 2
0 35 19 24 6
0 33 20 15 0
0 33 20 15 1
0 33 20 15 2
0 33 20 15 3
0 34 20 15 2
0 34 20 15 3
0 35 20 15 2
0 35 20 15 3
0 32 20 16 2
0 32 20 17 2
0 32 21 16 2
0 32 21 16 3
0 32 21 17 2
0 33 20 16 2
0 33 20 17 2
0 33 21 16 2
0 33 21 16 3
0 33 21 17 2
0 32 20 18 2
0 32 20 19 2
0 32 21 18 2
0 32 21 19 2
0 33 20 18 2
0 33 20 19 2
0 33 21 18 2
0 33 21 19 2
0 32 22 16 2
0 32 22 16 3
0 32 22 17 2
0 32 23 17 2
0 32 23 17 3
0 32 22 18 2
0 32 22 19 2
0 32 23 18 2
0 32 23 19 2
0 33 22 18 2
0 33 22 18 3
0 33 22 19 2
0 33 23 18 2
0 33 23 18 3
0 33 23 19 2
0 34 20 16 2
0 34 20 17 2
0 35 20 16 2
0 34 20 18 2
0 34 20 19 2
0 34 21 18 2
0 34 21 18 3
0 34 21 19 2
0 35 20 18 2
0 35 20 18 3
0 35 20 19 2
0 35 21 18 2
0 35 21 18 3
0 35 21 19 2
0 34 22 18 2
0 34 22 18 3
0 34 22 19 2
0 34 23 18 2
0 34 23 18 3
0 34 23 19 2
0 35 22 19 2
0 35 22 19 3
0 32 20 20 2
0 32 20 21 2
0 32 21 20 2
0 32 21 21 2
0 33 20 20 2
0 33 20 21 2
0 33 21 20 2
0 33 21 21 2
0 32 20 22 2
0 32 20 23 2
0 32 21 22 2
0 32 21 23 2
0 33 20 22 2
0 33 20 23 2
0 33 21 22 2
0 33 21 23 2
0 32 22 20 2
0 32 22 21 2
0 32 23 20 2
0 32 23 21 2
0 33 22 20 2
0 33 22 21 2
0 33 23 20 2
0 33 23 21 2
0 32 22 22 2
0 32 22 23 2
0 32 23 22 2
0 34 20 20 2
0 34 20 21 2
0 34 21 20 2
0 34 21 21 2
0 35 20 20 2
0 35 20 21 2
0 35 21 20 2
0 35 21 21 2
0 34 20 22 2
0 34 20 23 2
0 35 20 23 2
0 35 20 23 3
0 34 22 20 2
0 34 22 21 2
0 34 23 20 2
0 34 23 21 2
0 35 22 20 2
0 33 20 24 1
0 33 20 24 2
0 34 20 24 2
0 35 20 24 2
0 32 24 17 2
0 32 24 17 3
0 32 25 17 2
0 32 25 17 3
0 32 24 18 2
0 32 24 19 2
0 32 25 18 2
0 32 25 19 2
0 33 24 18 2
0 33 24 18 3
0 33 24 19 2
0 33 25 18 2
0 33 25 18 3
0 33 25 19 2
0 32 26 17 2
0 32 26 17 3
0 32 26 18 2
0 32 26 19 2
0 32 27 18 2
0 32 27 18 3
0 32 27 19 2
0 34 24 18 2
0 34 24 18 3
0 34 24 19 2
0 32 24 20 2
0 32 24 21 2
0 32 25 20 2
0 32 25 21 2
0 33 24 20 2
0 33 24 21 2
0 33 25 20 2
0 33 25 21 2
0 32 24 22 2
0 32 25 22 2
0 32 26 20 2
0 32 26 21 2
0 32 27 20 2
0 32 27 21 2
0 32 26 22 2
0 34 24 20 2
0 34 24 21 2
0 36 19 15 2
0 36 19 15 3
0 37 19 15 2
0 37 19 15 3
0 38 19 15 2
0 38 19 15 3
0 36 19 16 2
0 37 19 16 2
0 36 19 23 2
0 36 19 23 3
0 36 19 23 6
0 36 19 23 7
0 37 19 23 2
0 37 19 23 3
0 37 19 23 6
0 36 19 24 2
0 36 19 24 6
0 37 19 24 2
0 37 19 24 6
0 38 19 24 2
0 38 19 24 3
0 38 19 24 6
0 38 19 24 7
0 36 20 15 2
0 36 20 15 3
0 37 20 15 2
0 37 20 15 3
0 38 20 14 0
0 38 20 14 2
0 38 20 14 3
0 38 20 14 4
0 38 20 14 7
0 38 20 15 2
0 39 20 14 2
0 39 20 14 3
0 39 20 14 6
0 39 20 14 7
0 39 20 15 2
0 39 20 15 6
0 36 20 16 2
0 37 20 16 2
0 36 20 23 2
0 36 20 23 3
0 37 20 23 2
0 37 20 23 3
0 36 20 24 2
0 37 20 24 2
0 38 20 24 2
0 38 20 24 3
0 38 20 25 1
0 38 20 25 2
0 38 20 25 5
0 38 20 25 6
0 39 20 24 2
0 39 20 24 3
0 39 20 24 6
0 39 20 24 7
0 39 20 25 2
0 39 20 25 6
