0 0 2 4 0
0 0 2 4 1
0 0 2 4 2
0 0 2 4 3
0 0 2 4 4
0 0 2 4 5
0 0 2 4 6
0 0 2 4 7
0 0 2 5 1
0 0 2 5 2
0 0 2 5 5
0 0 2 5 6
0 0 3 5 0
0 0 3 5 1
0 0 3 5 2
0 0 3 5 3
0 1 3 4 0
0 0 2 6 1
0 0 2 6 2
0 0 2 6 5
0 0 2 6 6
0 0 2 7 1
0 0 2 7 2
0 0 2 7 5
0 0 2 7 6
0 0 3 6 1
0 0 3 6 2
0 1 2 7 2
0 1 2 7 6
0 1 3 7 1
0 0 4 4 0
0 0 4 4 1
0 0 4 4 2
0 0 4 4 3
0 0 4 4 4
0 0 4 5 1
0 0 4 5 2
0 0 5 4 0
0 0 5 4 1
0 0 5 4 2
0 0 5 4 3
0 0 5 5 1
0 0 5 5 2
0 0 4 6 1
0 0 4 6 2
0 0 4 7 1
0 0 4 7 2
0 0 4 7 5
0 0 5 6 1
0 0 5 6 2
0 0 5 7 1
0 0 5 7 2
0 0 6 4 0
0 0 6 4 1
0 0 6 4 2
0 0 6 4 3
0 0 6 5 1
0 0 6 5 2
0 0 7 4 0
0 0 7 4 1
0 0 7 4 2
0 0 7 4 3
0 0 7 5 1
0 0 7 5 2
0 0 6 6 1
0 0 6 6 2
0 0 6 7 1
0 0 6 7 2
0 0 7 6 1
0 0 7 6 2
0 0 7 7 1
0 0 7 7 2
0 0 8 4 0
0 0 8 4 1
0 0 8 4 2
0 0 8 4 3
0 0 8 5 1
0 0 8 5 2
0 1 9 4 0
0 1 9 4 1
0 1 9 5 1
0 0 8 6 1
0 0 8 6 2
0 0 8 7 1
0 0 8 7 2
0 1 9 6 1
0 1 9 7 1
