1.09
0.267845
0.182576
0.141083
0.117672
0.103212
0.0937039
0.0871714
0.0825407
0.0791839
0.0767105
0.0748661
0.0734784
0.0724273
0.0716272
0.0710158
0.0705474
0.0701877
0.0699111
0.200393
0.184984
0.180983
0.179131
0.178022
0.177262
0.176697
0.176257
0.175904
0.175614
0.175372
0.175169
0.174994
0.174844
0.174712
0.174596
0.174493
0.174401
0.174317
0.174241
0.174171
1.28036e-030
0.1968
0.0759846
0.048383
0.034426
0.0268746
0.0225473
0.0199169
0.0182169
0.017049
0.016199
0.0155484
0.0150291
0.0146005
0.0142376
0.013924
0.013649
0.0134047
0.0131857
0.0129876
0.0128072
0.012642
0.0124897
0.0123487
0.0122175
0.0120951
0.0119802
0.0118722
0.0117702
0.0116737
0.011582
0.0114948
0.0114117
0.0113321
0.011256
0.0111829
0.0111126
0.0110449
0.0109797
0.0109167
0.0108558
0.0107968
0.0107396
0.0106842
0.0106303
0.010578
0.00798629
0.00763609
0.00745561
0.00733841
0.00725195
0.00718287
0.00712474
0.0070741
0.00702893
0.00698798
0.0069504
0.00691565
0.00688328
0.00781434
0.00754552
0.00739363
0.00728742
0.00720639
0.00714141
0.00708751
0.00704168
0.00700193
0.00696689
0.00693559
0.00690729
0.00688146
0.00685767
0.00683559
0.00681496
0.00679558
0.00677727
0.00675991
0.00674336
0.00672754
0.00671238
0.0066978
0.00668374
0.00667016
0.00665702
0.00664427
0.0066319
0.00661987
0.00660815
0.00659673
0.00658558
0.0065747
0.00656406
0.00655366
0.00654347
0.00653349
0.00652371
0.00651413
0.00650472
0.00649549
0.00648642
0.00647752
0.00646877
0.00646017
0.00645172
0.0064434
0.00643522
0.00642717
0.00641925
0.00641145
0.00640377
0.0063962
0.00638875
0.00638141
0.00637418
0.00636705
0.00636003
0.0063531
0.00634627
0.00633954
0.0063329
0.00632635
0.00631988
0.00631351
0.00630722
0.00630101
0.00629488
0.00628884
0.00628287
0.00627698
0.00627116
0.00626541
0.00625974
0.00625414
0.0062486
0.00624314
0.00623774
0.00623241
0.00622714
0.00622193
0.00621678
0.0062117
0.00620667
0.0062017
0.00619679
0.00619194
0.00618714
0.0061824
0.0061777
0.00617307
0.00616848
0.00616394
0.00615945
0.00615502
0.00615063
0.00614628
0.00614199
0.00613774
0.00613353
0.00612937
0.00612525
0.00612117
0.00611714
0.00611315
0.0061092
0.00610529
0.00610141
0.00609758
0.00609379
0.00609003
0.00608631
0.00608262
0.00607897
0.00607536
0.00607178
0.00606824
0.00606473
0.00606125
0.00605781
0.00605439
0.00605101
0.00604766
0.00604434
0.00604105
0.0060378
0.00603457
0.00603136
0.00602819
0.00602505
0.00602193
0.00601884
0.00601578
0.00601274
