0.4592
0.1579
0.120854
0.102575
0.0898791
0.0799088
0.0716547
0.0646475
0.0586218
0.0534025
0.0488607
0.0448951
0.0414232
0.038376
0.0356954
0.0333319
0.0312434
0.0293937
0.0277517
0.0262909
0.0249881
0.0238236
0.0227802
0.0218431
0.0209994
0.0202378
0.0195488
0.0189238
0.0183555
0.0178375
0.0173641
0.0169305
0.0165322
0.0161656
0.0158273
0.0155144
0.0152243
0.0149547
0.0147036
0.0144692
0.01425
0.0140445
0.0138515
0.0136699
0.0134987
0.0133369
0.0131839
0.0130388
0.0129011
0.0127701
0.0126454
0.0125265
0.0124129
0.0123043
0.0122003
0.0121006
0.0120049
0.011913
0.0118245
0.0117394
0.0116574
0.0115782
0.0115018
0.011428
0.0113566
0.0112875
0.0112206
0.0111558
0.0110929
0.0110318
0.0109726
0.010915
0.010859
0.0108046
0.0107516
0.0107
0.0106498
0.0106008
0.0105531
0.0105065
0.0104611
0.0104167
0.0103734
0.0103311
0.0102898
0.0102493
0.0102098
0.0101711
0.0101333
0.0100963
0.01006
0.0100245
0.00998976
0.00995568
0.00992228
0.00988954
0.00985744
0.00982595
0.00979506
0.00976475
0.00973501
0.0097058
0.00967713
0.00964898
0.00962133
0.00959416
0.00956747
0.00954123
0.00951545
0.0094901
0.00946517
0.00944066
0.00941655
0.00939284
0.0093695
0.00934654
0.00932395
0.0093017
0.00927981
0.00925825
0.00923702
0.00921612
0.00919552
0.00917524
0.00915525
0.00913556
0.00911616
0.00909703
0.00907818
0.0090596
0.00904128
0.00902321
0.0090054
0.00898783
0.0089705
0.00895341
0.00893655
0.00891991
0.00890349
0.00888729
0.0088713
0.00885552
0.00883995
0.00882457
0.00880939
0.0087944
0.00877959
0.00876498
0.00875054
0.00873628
0.00872219
0.00870828
0.00869453
0.00868095
0.00866753
0.00865427
0.00864116
0.0086282
0.0086154
0.00860274
0.00859023
0.00857786
0.00856563
0.00855354
0.00854158
0.00852975
0.00851806
0.00850649
0.00849505
0.00848373
0.00847253
0.00846146
0.0084505
0.00843966
0.00842893
0.00841831
0.0084078
0.0083974
0.00838711
0.00837692
0.00836683
0.00835685
0.00834697
0.00833718
0.00832749
0.0083179
0.0083084
0.008299
0.00828968
0.00828045
0.00827132
0.00826226
0.0082533
0.00824442
0.00823562
0.0082269
0.00821827
0.00820971
0.00820123
0.00819283
0.0081845
0.00817625
0.00816808
0.00815997
0.00815194
0.00814398
0.00813608
0.00812826
0.0081205
0.00811281
0.00810519
0.00809763
0.00809014
0.00808271
0.00807534
0.00806803
0.00806078
0.00805359
0.00804646
0.00803939
0.00803238
0.00802542
0.00801852
0.00801168
0.00800488
0.00799815
0.00799146
0.00798483
0.00797825
0.00797172
0.00796523
0.0079588
0.00795242
0.00794609
0.0079398
