3.80341e-029
4.59659e-029
5.59544e-029
7.45761e-029
7.53351e-029
8.24522e-029
9.25474e-029
1.03652e-028
5.7847e-005
0.000519902
0.00190804
0.00509461
0.00976485
0.0161399
0.0245083
0.0323751
0.0406464
0.0478299
0.0567084
0.0645693
0.0725428
0.0820157
0.0889599
0.0955854
0.0878854
0.072466
0.0534399
0.0369244
0.026785
0.0260493
0.0351917
0.0535803
0.0780844
0.104233
0.127979
0.152434
0.177125
0.201688
0.177919
0.136784
0.0986185
0.0659074
0.0465466
0.0398383
0.0457063
0.0630029
0.0878667
0.121486
0.161897
0.208195
0.256976
0.302841
0.337176
0.360002
0.38163
0.356591
0.312869
0.255463
0.201607
0.152815
0.114949
0.0918619
0.08586
0.095982
0.121166
0.157321
0.199253
0.248475
0.293066
0.333474
0.367495
0.400569
0.385948
0.355251
0.312458
0.256796
0.196294
0.14201
0.104104
0.0875535
0.0921737
0.114699
0.151979
0.196946
0.241365
0.279885
0.319024
0.334648
0.349456
0.363482
0.376754
0.320552
0.262383
0.202814
0.151198
0.112052
0.0937902
0.0962082
0.116214
0.146576
0.185563
0.223993
0.260731
0.288921
0.30641
0.323159
0.339145
0.354353
0.3177
0.273146
0.218391
0.168541
0.124027
0.0965117
0.0871049
0.0965694
0.12342
0.160471
0.20559
0.252459
0.29678
0.342095
0.36134
0.379616
0.396951
0.413371
0.36436
0.306064
0.245405
0.184251
0.135694
0.107122
0.0988087
0.110229
0.134696
0.166326
0.200818
0.231812
0.263978
0.29665
0.329309
0.361528
0.392972
0.333438
0.267404
0.203265
0.146292
0.106137
0.0885587
0.0940489
0.119846
0.163859
0.218189
0.281799
0.344579
0.396293
0.447784
0.464715
0.43953
0.377339
0.299802
0.22832
0.168293
0.125939
0.104956
0.111335
0.13778
0.178916
0.225764
0.272912
0.312683
0.352953
0.393151
0.387422
0.363637
0.309529
0.240781
0.177497
0.127042
0.0984326
0.0959138
0.114004
0.153991
0.206171
0.270909
0.334062
0.387485
0.441186
0.46141
0.43619
0.390681
0.325074
0.250257
0.18239
0.134761
0.109634
0.106426
0.125196
0.161
0.208274
0.262491
0.31322
0.365888
0.419401
0.418402
0.381577
0.314572
0.241131
0.174531
0.1247
0.0979195
0.0940954
0.11047
0.143799
0.18621
0.233577
0.279874
0.328115
0.377251
0.385768
0.393681
0.401119
0.333796
0.261017
0.192166
0.136396
0.104997
0.101519
0.122508
0.160588
0.209285
0.262291
0.309923
0.359035
0.380743
0.401464
0.421233
0.353081
0.268467
0.19339
0.134933
0.101843
0.0958089
0.116059
0.159286
0.215
0.277078
0.346566
0.418119
0.491584
0.5254
0.533212
0.496283
0.431166
0.349696
0.265275
0.195615
0.146478
0.123387
0.124257
0.145252
0.182872
0.22955
0.283571
0.32225
0.361384
0.400427
0.438966
0.476681
0.51331
0.548628
0.430612
0.317004
0.216338
0.15105
0.124676
0.134848
0.172
0.224811
0.285497
0.350712
0.41214
0.475177
0.538593
0.537418
0.498716
0.437854
0.359984
0.27757
0.208432
0.154646
0.127277
0.126743
0.148075
0.188428
0.240698
0.293507
0.350463
0.409856
0.470387
0.453959
0.410502
0.3308
0.240308
0.168143
0.123387
0.109084
0.122867
0.155677
0.20288
0.254098
0.310932
0.371373
0.433811
0.496992
0.55993
0.5101
0.436817
0.356144
0.266813
0.190491
0.141557
0.127687
0.148105
0.193695
0.257784
0.317898
0.372424
0.41598
0.445391
0.473764
0.501085
0.447136
0.361861
0.261605
0.180249
0.132961
0.121234
0.139018
0.178871
0.230256
0.28559
0.33671
0.38991
0.444082
0.498307
0.487633
0.458715
0.413465
0.345031
0.264431
0.195969
0.150723
0.133537
0.143805
0.173838
0.219855
0.280621
0.340283
0.403989
0.469956
0.536828
0.603582
0.533701
0.440871
0.33327
0.240138
0.173006
0.139894
0.144881
0.189876
0.264451
0.352521
0.439879
0.532942
0.590375
0.646404
0.700776
0.652849
0.557765
0.419049
0.302624
0.220032
0.17407
0.16467
0.185225
0.229018
0.287823
0.351192
0.411349
0.460495
0.509567
0.558051
0.605548
0.552381
0.466403
0.367672
0.269881
0.191847
0.152831
0.157731
0.205782
0.288718
0.392011
0.499592
0.615374
0.735977
0.858746
0.823777
0.742415
0.622998
0.490336
0.361104
0.260678
0.204416
0.19532
0.226138
0.286822
0.364551
0.443403
0.528758
0.576452
0.623068
0.611869
0.555601
0.465683
0.357281
0.252036
0.184824
0.163104
0.1862
0.245657
0.33023
0.428417
0.538099
0.655222
0.673372
0.624563
0.533687
0.427393
0.326649
0.239942
0.183778
0.161875
0.17575
0.222391
0.294544
0.375645
0.466601
0.563827
0.664591
0.766763
0.868786
0.757797
0.613587
0.456598
0.318689
0.22605
0.190002
0.205086
0.265796
0.370669
0.506224
0.665877
0.813591
0.965974
1.11994
1.27328
1.16664
0.982251
0.763188
0.565869
0.410309
0.311985
0.27016
0.278688
0.327871
0.400872
0.482496
0.574559
0.673227
0.704643
0.734481
0.707611
0.62689
0.511481
0.393137
0.29214
0.226111
0.195539
0.204262
0.248699
0.321381
0.406453
0.490371
0.579584
0.671775
0.765136
0.719053
0.61133
0.457021
0.323817
0.236242
0.197295
0.203221
0.246603
0.315233
0.394159
0.470172
0.550849
0.590318
0.569334
0.493796
0.399113
0.29582
0.221313
0.173111
0.159494
0.178514
0.221838
0.281322
0.34485
0.4148
0.488693
0.564671
0.641325
0.58214
0.495946
0.387724
0.281526
0.203152
0.168846
0.177399
0.220872
0.286727
0.369638
0.464488
0.567232
0.674608
0.784079
0.705106
0.583762
0.449074
0.327318
0.231882
0.18633
0.188415
0.227764
0.290982
0.365292
0.450544
0.543088
0.639941
0.738806
0.837937
0.752924
0.634905
0.49969
0.374527
0.277246
0.218719
0.197798
0.208302
0.242373
0.288774
0.339293
0.385432
0.433558
0.482585
0.480313
0.440641
0.377662
0.302402
0.227215
0.172158
0.14852
0.161084
0.206344
0.27868
0.365393
0.453208
0.546654
0.643272
0.741131
0.716435
0.628988
0.484967
0.344504
0.23932
0.198488
0.218529
0.283974
0.372631
0.481069
0.603157
0.734218
0.870478
1.00891
0.907183
0.742186
0.5664
0.398535
0.280759
0.228166
0.236271
0.297274
0.404894
0.544931
0.678209
0.820518
0.967736
0.979755
0.914829
0.781161
0.609393
0.447672
0.327977
0.257211
0.243809
0.285358
0.364216
0.460236
0.556779
0.660883
0.769414
0.763697
0.701425
0.599919
0.477507
0.358835
0.26315
0.210755
0.207692
0.251075
0.321285
0.412925
0.519698
0.636588
0.759711
0.745061
0.674651
0.555995
0.407005
0.277872
0.210515
0.203448
0.23912
0.301135
0.383422
0.454111
0.502308
0.520416
0.503329
0.455492
0.370808
0.284114
0.215643
0.170426
0.151506
0.157249
0.191374
0.243696
0.303148
0.370341
0.442509
0.447468
0.403833
0.336603
0.264283
0.193888
0.145535
0.131865
0.152978
0.200231
0.26542
0.334947
0.381314
0.378925
0.325423
0.248372
0.178262
0.130051
0.11798
0.141481
0.198524
0.273485
0.346544
0.376604
0.368965
0.32948
0.273234
0.20729
0.151088
0.118458
0.118156
0.150452
0.20993
0.283684
0.369198
0.401978
0.37539
0.29943
0.21825
0.153068
0.117456
0.119699
0.166537
0.247518
0.348556
0.455162
0.57011
0.68998
0.688664
0.633173
0.536907
0.407147
0.291138
0.207782
0.17597
0.195284
0.252952
0.330836
0.413626
0.505026
0.601847
0.701574
0.802215
0.728269
0.602961
0.475162
0.350024
0.251903
0.194852
0.18526
0.217462
0.277731
0.351702
0.438367
0.53362
0.634174
0.643625
0.589854
0.485616
0.371046
0.271641
0.201478
0.170376
0.175858
0.210484
0.265147
0.334731
0.414935
0.502198
0.48994
0.426802
0.34422
0.258245
0.187282
0.146981
0.146885
0.184313
0.250277
0.337117
0.438846
0.475085
0.479197
0.440506
0.374402
0.295139
0.221006
0.165127
0.13919
0.146476
0.183741
0.243606
0.315457
0.348851
0.348491
0.329889
0.302078
0.269594
0.230907
0.190288
0.15264
0.127688
0.119635
0.130262
0.156752
0.1912
0.226879
0.265845
0.2835
0.266768
0.22546
0.177252
0.143992
0.128661
0.1456
0.193972
0.256332
0.307342
0.336692
0.34067
0.316682
0.268596
0.212374
0.165038
0.131449
0.114902
0.116508
0.133608
0.158445
0.189804
0.225651
0.264414
0.254385
0.218898
0.167558
0.124863
0.0976532
0.0883627
0.0928354
0.107737
0.123916
0.138937
0.146292
0.143326
0.134228
0.118529
0.101262
0.0848625
0.0734285
0.0706756
0.0758666
0.0862598
0.0996456
0.115484
0.132983
0.132957
0.12635
0.108513
0.0797997
0.0605163
0.0591479
0.0751089
0.10479
0.140932
0.182919
0.228868
0.277313
