0
0
0
0
0
0.0686114
0.0686114
0.260797
0.260797
0.505319
0.628649
0.628649
0.728414
0.79666
0.87378
0.975384
1.07393
1.16268
1.21961
1.26674
1.28388
1.28388
1.28143
1.24225
1.20155
1.16451
1.10361
1.03506
0.955176
0.88662
0.82388
0.773382
0.716459
0.661375
0.619142
0.568035
0.568035
0.568035
0.568035
0.546919
0.546919
0.546919
0.546919
0.546919
0.546919
0.546919
0.546919
0.546919
0.546919
0.546919
0.546919
0.546919
0.553655
0.561
0.570794
0.587933
0.602624
0.617314
0.634454
0.649144
0.67118
0.685871
0.695665
0.707907
0.725046
0.751979
0.777992
0.800028
0.816247
0.830938
0.84318
0.865216
0.892149
0.90684
0.927956
0.945095
0.957337
0.972028
1.00631
1.02497
1.02497
1.04854
1.07608
1.09077
1.11587
1.13698
1.15167
1.15167
1.19543
1.2141
1.2239
1.23369
1.23369
1.23369
1.23369
1.23369
1.23369
1.23369
1.23369
1.24103
1.24103
1.23859
1.22237
1.22237
1.21502
1.20768
1.19788
1.19696
1.18962
1.18227
1.17493
1.16758
1.15779
1.14799
1.12841
1.12106
1.11372
1.1128
1.10545
1.10545
1.08341
1.06872
1.05648
1.04424
1.03934
1.0222
1.00354
0.991294
0.975074
0.957326
0.942635
0.924887
0.907748
0.900402
0.88816
0.869492
0.859699
0.845008
0.830317
0.815627
0.792981
0.783188
0.775842
0.768497
0.761152
0.751358
0.748909
0.748909
0.741564
0.734219
0.724425
0.708206
0.691066
0.630166
0.415945
0.415945
0.321686
0.245485
0.199275
0.1295
0.0637028
-0.0354532
-0.0859509
-0.134
-0.191843
-0.256721
-0.297425
-0.353739
-0.394443
-0.43025
-0.469425
-0.506152
-0.578685
-0.578685
-0.590927
-0.590927
-0.590927
-0.595824
-0.595824
-0.595824
-0.595824
-0.595824
-0.595824
-0.595824
-0.595824
-0.595824
-0.595824
-0.595824
0
0
0
0
0
