0
0
0
0
0
0.0321015
0.0321015
-0.205598
-0.205598
-0.543294
-0.701622
-0.701622
-0.826909
-0.921739
-1.02386
-1.1689
-1.3251
-1.46414
-1.54739
-1.61347
-1.64351
-1.64351
-1.63922
-1.57055
-1.50747
-1.41776
-1.33581
-1.21564
-1.0839
-0.963734
-0.862029
-0.781781
-0.698534
-0.635036
-0.577538
-0.512749
-0.512749
-0.512749
-0.512749
-0.484
-0.484
-0.484
-0.484
-0.484
-0.484
-0.484
-0.484
-0.484
-0.484
-0.484
-0.484
-0.484
-0.512333
-0.525208
-0.542374
-0.572415
-0.598164
-0.623914
-0.653955
-0.679704
-0.718328
-0.744077
-0.761243
-0.782701
-0.812742
-0.859949
-0.897281
-0.935905
-0.956071
-0.98182
-1.00328
-1.0419
-1.08911
-1.11486
-1.14361
-1.17365
-1.19511
-1.22086
-1.28094
-1.30539
-1.30539
-1.33844
-1.37018
-1.39593
-1.42339
-1.45214
-1.47789
-1.47789
-1.5298
-1.55426
-1.57143
-1.58859
-1.58859
-1.58859
-1.58859
-1.58859
-1.58859
-1.58859
-1.58859
-1.60147
-1.60147
-1.59718
-1.57701
-1.57701
-1.56414
-1.55126
-1.53409
-1.52422
-1.51135
-1.49847
-1.4856
-1.47272
-1.45555
-1.43839
-1.40406
-1.39118
-1.37831
-1.36843
-1.35556
-1.35556
-1.31693
-1.29118
-1.26973
-1.24827
-1.23969
-1.20964
-1.18519
-1.16373
-1.14356
-1.12898
-1.10323
-1.08865
-1.05861
-1.04573
-1.02428
-0.999818
-0.982652
-0.956903
-0.931154
-0.905404
-0.882239
-0.865072
-0.852198
-0.839323
-0.826448
-0.809282
-0.804991
-0.804991
-0.792116
-0.779241
-0.762075
-0.741909
-0.711868
-0.629913
-0.35359
-0.35359
-0.221428
-0.129181
-0.0729753
0.0162713
0.10681
0.247555
0.327803
0.403759
0.496881
0.577545
0.640626
0.739332
0.802413
0.856912
0.925576
0.98995
1.10882
1.10882
1.13028
1.13028
1.13028
1.13886
1.13886
1.13886
1.13886
1.13886
1.13886
1.13886
1.13886
1.13886
1.13886
1.13886
0
0
0
0
0
