0
0
0
0
0
0.0577231
0.0577231
0.0105856
0.0105856
-0.0718672
-0.105807
-0.105807
-0.131484
-0.154866
-0.178076
-0.215343
-0.261388
-0.301811
-0.323959
-0.340484
-0.350324
-0.350324
-0.348918
-0.326426
-0.308324
-0.271259
-0.252094
-0.212733
-0.172139
-0.132778
-0.102024
-0.0782985
-0.0561506
-0.0455925
-0.031879
-0.0183375
-0.0183375
-0.0183375
-0.0183375
-0.0114808
-0.0114808
-0.0114808
-0.0114808
-0.0114808
-0.0114808
-0.0114808
-0.0114808
-0.0114808
-0.0114808
-0.0114808
-0.0114808
-0.0114808
-0.025882
-0.0300993
-0.0357222
-0.0455624
-0.0539968
-0.0624312
-0.0722714
-0.0807058
-0.0933574
-0.101792
-0.107415
-0.114444
-0.124284
-0.139747
-0.149415
-0.162067
-0.166112
-0.174546
-0.181575
-0.194227
-0.20969
-0.218124
-0.224981
-0.234821
-0.24185
-0.250284
-0.269965
-0.275416
-0.275416
-0.283678
-0.288957
-0.297391
-0.301265
-0.308122
-0.316556
-0.316556
-0.32588
-0.331331
-0.336954
-0.342577
-0.342577
-0.342577
-0.342577
-0.342577
-0.342577
-0.342577
-0.342577
-0.346794
-0.346794
-0.345389
-0.341343
-0.341343
-0.337126
-0.332909
-0.327286
-0.321491
-0.317274
-0.313057
-0.308839
-0.304622
-0.298999
-0.293376
-0.28213
-0.277913
-0.273696
-0.267901
-0.263684
-0.263684
-0.251032
-0.242598
-0.235569
-0.228541
-0.225729
-0.215889
-0.210438
-0.203409
-0.199364
-0.199708
-0.191273
-0.191617
-0.181777
-0.17756
-0.170531
-0.16508
-0.159457
-0.151023
-0.142588
-0.134154
-0.131686
-0.126063
-0.121846
-0.117629
-0.113412
-0.107789
-0.106383
-0.106383
-0.102166
-0.0979487
-0.0923258
-0.0882805
-0.0784403
-0.0592759
0.000513221
0.000513221
0.0335631
0.050978
0.061708
0.0807006
0.102677
0.138538
0.162263
0.184583
0.212526
0.228707
0.24681
0.279142
0.297244
0.312536
0.335027
0.356113
0.392491
0.392491
0.399519
0.399519
0.399519
0.402331
0.402331
0.402331
0.402331
0.402331
0.402331
0.402331
0.402331
0.402331
0.402331
0.402331
0
0
0
0
0
