6.40639e-029
1.86835e-028
4.36316e-028
5.03684e-028
5.19978e-028
7.12846e-028
8.26733e-028
7.82621e-028
2.04005e-006
0.000416566
0.00355995
0.012576
0.0326016
0.0610942
0.0990799
0.147393
0.190635
0.233736
0.267646
0.306659
0.335441
0.36025
0.388519
0.400501
0.408737
0.346362
0.25282
0.153641
0.0826375
0.0649493
0.121557
0.245558
0.435837
0.663065
0.88835
1.0756
1.24003
1.37724
1.49105
1.28563
0.972383
0.666738
0.392776
0.214128
0.133724
0.153005
0.261254
0.429193
0.659554
0.926044
1.20893
1.48143
1.71453
1.86822
1.95119
2.01679
1.81672
1.50473
1.1131
0.742191
0.428393
0.223349
0.156946
0.22876
0.429985
0.738656
1.10971
1.49584
1.90041
2.23526
2.5084
2.70897
2.87522
2.71352
2.43016
2.04504
1.56543
1.06333
0.625676
0.325112
0.196384
0.239506
0.426372
0.724854
1.07258
1.40479
1.67992
1.93321
2.01861
2.07606
2.10717
2.11682
1.72623
1.32422
0.906753
0.543995
0.29094
0.198178
0.262536
0.462793
0.743443
1.08468
1.4052
1.68308
1.86924
1.95723
2.02039
2.06724
2.10189
1.82441
1.49466
1.09597
0.723876
0.408506
0.224846
0.183522
0.29569
0.539531
0.856102
1.21918
1.57035
1.87242
2.14693
2.23595
2.30203
2.3453
2.36707
2.00605
1.58999
1.14965
0.717393
0.390405
0.219753
0.219758
0.373895
0.629993
0.940703
1.26032
1.52804
1.76741
1.97632
2.16202
2.33192
2.48532
2.0742
1.61448
1.13636
0.695136
0.376684
0.231084
0.266009
0.465092
0.80648
1.21889
1.67058
2.07887
2.37738
2.63929
2.67849
2.46896
2.04334
1.52064
1.02399
0.60702
0.328954
0.239376
0.355751
0.619485
0.990174
1.38371
1.74572
2.02142
2.26825
2.49258
2.42092
2.22434
1.82432
1.32598
0.861358
0.491968
0.283738
0.260255
0.393293
0.69441
1.081
1.53642
1.9562
2.28495
2.58181
2.65272
2.4439
2.10279
1.63863
1.12957
0.680425
0.372817
0.231596
0.273755
0.487664
0.823336
1.22529
1.64899
2.01772
2.36692
2.69058
2.65242
2.37914
1.9026
1.36646
0.867325
0.486868
0.27577
0.243893
0.369691
0.625927
0.944543
1.28224
1.58852
1.8787
2.15053
2.16991
2.17505
2.15601
1.71355
1.24298
0.794857
0.441668
0.267609
0.301118
0.519155
0.862926
1.27405
1.69197
2.03932
2.3549
2.45915
2.52661
2.56489
2.07966
1.51242
0.994333
0.576639
0.331511
0.28144
0.430718
0.752014
1.16373
1.61137
2.07784
2.51186
2.91171
3.04598
3.01393
2.71791
2.25212
1.6881
1.11857
0.655362
0.354401
0.255099
0.351948
0.610596
0.989653
1.41174
1.852
2.15231
2.42381
2.66379
2.87461
3.05886
3.21536
3.33824
2.55071
1.79381
1.08829
0.597069
0.392243
0.469655
0.769687
1.20571
1.70084
2.20212
2.62657
2.99434
3.30555
3.19513
2.86776
2.42102
1.87864
1.31368
0.82856
0.458335
0.282213
0.320533
0.535543
0.899351
1.33252
1.7379
2.13549
2.5188
2.88731
2.77099
2.47036
1.92006
1.2889
0.768189
0.431483
0.314742
0.40055
0.63508
0.981118
1.34903
1.72499
2.08504
2.42258
2.74175
3.04705
2.71192
2.2474
1.71763
1.14154
0.662308
0.378149
0.353141
0.581454
1.00919
1.57231
2.0737
2.47884
2.74786
2.87878
2.97969
3.06564
2.65847
2.06379
1.37931
0.811193
0.462407
0.359403
0.470481
0.756198
1.13937
1.55142
1.91447
2.24704
2.53926
2.79654
2.66076
2.41587
2.07102
1.59736
1.07664
0.645403
0.371149
0.298177
0.434674
0.728846
1.14126
1.6329
2.07676
2.50859
2.92284
3.31553
3.67878
3.19894
2.56617
1.81757
1.1405
0.639627
0.384507
0.423288
0.763608
1.32502
1.9849
2.61215
3.20616
3.50653
3.74305
3.94257
3.55822
2.91652
2.03501
1.27297
0.722193
0.435092
0.42518
0.648789
1.05526
1.56916
2.09386
2.55087
2.87869
3.15251
3.38612
3.60027
3.21333
2.63265
1.94819
1.25624
0.702864
0.419647
0.456151
0.815556
1.43584
2.1981
2.95851
3.70374
4.39963
5.04103
4.72616
4.13334
3.2873
2.35221
1.47656
0.82586
0.494454
0.50808
0.824129
1.38095
2.05455
2.68885
3.29441
3.59032
3.83625
3.70272
3.27886
2.62852
1.85329
1.11015
0.616296
0.429322
0.560713
0.95744
1.53818
2.20469
2.91156
3.61102
3.68081
3.33416
2.71423
1.98744
1.30919
0.762187
0.43679
0.356827
0.533808
0.945727
1.53499
2.16038
2.80086
3.41708
4.00047
4.5617
5.10195
4.38211
3.45046
2.38489
1.42076
0.779126
0.55767
0.726971
1.25569
2.1035
3.13458
4.25922
5.20695
6.07036
6.84344
7.55695
6.76351
5.5578
4.11122
2.73439
1.61127
0.891376
0.625506
0.800621
1.32683
2.04329
2.79082
3.53118
4.22215
4.40341
4.5423
4.31098
3.73348
2.91715
2.05316
1.28012
0.727196
0.435583
0.448913
0.735578
1.23251
1.81264
2.36559
2.91108
3.43264
3.92939
3.62519
2.97633
2.06153
1.25651
0.725745
0.515783
0.619041
1.00043
1.56955
2.20895
2.79577
3.33719
3.53256
3.29684
2.71613
2.03199
1.32099
0.791647
0.448094
0.340211
0.465818
0.769635
1.19121
1.63235
2.08178
2.50617
2.90066
3.27546
2.88745
2.36562
1.70424
1.05246
0.590665
0.421965
0.548824
0.933081
1.48083
2.13841
2.83498
3.5141
4.14735
4.72779
4.13922
3.30936
2.37388
1.50701
0.842814
0.514884
0.528428
0.826794
1.32139
1.89987
2.50998
3.08975
3.62335
4.12425
4.61122
4.04692
3.3067
2.42825
1.58763
0.926052
0.526935
0.413296
0.562986
0.917017
1.37022
1.82323
2.18632
2.50316
2.78421
2.73002
2.4544
2.02508
1.49644
0.96002
0.548687
0.342551
0.383332
0.655883
1.12617
1.69698
2.25534
2.80261
3.31828
3.80008
3.57888
3.01021
2.12971
1.28723
0.713554
0.569778
0.820218
1.38606
2.11994
2.98524
3.88909
4.75529
5.54686
6.2571
5.46392
4.31303
3.07275
1.89367
1.06193
0.671621
0.711873
1.16493
1.98288
3.03116
3.99291
4.90493
5.71102
5.61609
5.0549
4.11544
2.97898
1.91296
1.10857
0.650379
0.613644
0.997309
1.65929
2.43491
3.17141
3.87541
4.52043
4.4153
3.95872
3.24861
2.39147
1.55632
0.888743
0.51835
0.507751
0.819143
1.32698
1.9821
2.70423
3.43327
4.14152
4.00387
3.53169
2.75477
1.80675
1.01741
0.621186
0.609163
0.898659
1.39317
2.02986
2.55763
2.88255
2.94893
2.74315
2.33027
1.7208
1.13779
0.68852
0.39719
0.27666
0.329672
0.582174
0.95754
1.3781
1.83375
2.28453
2.2973
2.01112
1.57674
1.10368
0.659216
0.371878
0.319559
0.500786
0.866629
1.35285
1.84199
2.13847
2.08909
1.70578
1.17678
0.695766
0.375009
0.305771
0.469496
0.855514
1.34863
1.81351
1.98915
1.90015
1.58358
1.15787
0.712598
0.380857
0.236468
0.31829
0.603137
1.05774
1.58674
2.1592
2.3543
2.1522
1.63236
1.06369
0.59486
0.336703
0.358395
0.684649
1.23106
1.89545
2.5668
3.23157
3.84827
3.7064
3.24176
2.55118
1.71604
1.01227
0.56445
0.478005
0.733319
1.26241
1.93166
2.60799
3.27892
3.90034
4.46593
4.98775
4.42265
3.55446
2.62975
1.71095
0.988236
0.563583
0.474985
0.704409
1.16133
1.73585
2.37282
2.999
3.58311
3.57054
3.1808
2.49923
1.7478
1.08743
0.622705
0.415152
0.46302
0.728369
1.14757
1.66625
2.22079
2.76331
2.65281
2.22821
1.67686
1.10259
0.635961
0.379947
0.385107
0.642326
1.09747
1.68953
2.34832
2.55736
2.52387
2.19678
1.70286
1.16428
0.70175
0.390295
0.287793
0.407524
0.732251
1.20357
1.73072
1.96455
1.94826
1.77915
1.52443
1.23946
0.938054
0.655586
0.419482
0.278566
0.26143
0.376132
0.58947
0.833356
1.0541
1.25624
1.29511
1.12615
0.847974
0.609149
0.5562
0.731473
1.23194
1.92934
2.6128
3.04305
3.1221
2.83537
2.23846
1.48265
0.797665
0.370577
0.263417
0.474771
0.935635
1.52793
2.08695
2.5458
2.85008
2.98582
2.57367
1.89611
1.11386
0.507012
0.209587
0.262587
0.597121
1.0957
1.56443
1.89732
1.98763
1.81376
1.4614
1.00696
0.575969
0.252947
0.100689
0.142144
0.341438
0.629471
0.92931
1.18255
1.34749
1.27227
1.0649
0.733397
0.346637
0.106355
0.102305
0.337247
0.746902
1.21264
1.65798
2.01054
6.40639e-029
1.86835e-028
4.36316e-028
5.03684e-028
5.19978e-028
7.12846e-028
8.26733e-028
7.82621e-028
2.04005e-006
0.000416566
0.00355995
0.012576
0.0326016
0.0610942
0.0990799
0.147393
0.190635
0.233736
0.267646
0.306659
0.335441
0.36025
0.388519
0.400501
0.408737
0.346362
0.25282
0.153641
0.0826375
0.0649493
0.121557
0.245558
0.435837
0.663065
0.88835
1.0756
1.24003
1.37724
1.49105
1.28563
0.972383
0.666738
0.392776
0.214128
0.133724
0.153005
0.261254
0.429193
0.659554
0.926044
1.20893
1.48143
1.71453
1.86822
1.95119
2.01679
1.81672
1.50473
1.1131
0.742191
0.428393
0.223349
0.156946
0.22876
0.429985
0.738656
1.10971
1.49584
1.90041
2.23526
2.5084
2.70897
2.87522
2.71352
2.43016
2.04504
1.56543
1.06333
0.625676
0.325112
0.196384
0.239506
0.426372
0.724854
1.07258
1.40479
1.67992
1.93321
2.01861
2.07606
2.10717
2.11682
1.72623
1.32422
0.906753
0.543995
0.29094
0.198178
0.262536
0.462793
0.743443
1.08468
1.4052
1.68308
1.86924
1.95723
2.02039
2.06724
2.10189
1.82441
1.49466
1.09597
0.723876
0.408506
0.224846
0.183522
0.29569
0.539531
0.856102
1.21918
1.57035
1.87242
2.14693
2.23595
2.30203
2.3453
2.36707
2.00605
1.58999
1.14965
0.717393
0.390405
0.219753
0.219758
0.373895
0.629993
0.940703
1.26032
1.52804
1.76741
1.97632
2.16202
2.33192
2.48532
2.0742
1.61448
1.13636
0.695136
0.376684
0.231084
0.266009
0.465092
0.80648
1.21889
1.67058
2.07887
2.37738
2.63929
2.67849
2.46896
2.04334
1.52064
1.02399
0.60702
0.328954
0.239376
0.355751
0.619485
0.990174
1.38371
1.74572
2.02142
2.26825
2.49258
2.42092
2.22434
1.82432
1.32598
0.861358
0.491968
0.283738
0.260255
0.393293
0.69441
1.081
1.53642
1.9562
2.28495
2.58181
2.65272
2.4439
2.10279
1.63863
1.12957
0.680425
0.372817
0.231596
0.273755
0.487664
0.823336
1.22529
1.64899
2.01772
2.36692
2.69058
2.65242
2.37914
1.9026
1.36646
0.867325
0.486868
0.27577
0.243893
0.369691
0.625927
0.944543
1.28224
1.58852
1.8787
2.15053
2.16991
2.17505
2.15601
1.71355
1.24298
0.794857
0.441668
0.267609
0.301118
0.519155
0.862926
1.27405
1.69197
2.03932
2.3549
2.45915
2.52661
2.56489
2.07966
1.51242
0.994333
0.576639
0.331511
0.28144
0.430718
0.752014
1.16373
1.61137
2.07784
2.51186
2.91171
3.04598
3.01393
2.71791
2.25212
1.6881
1.11857
0.655362
0.354401
0.255099
0.351948
0.610596
0.989653
1.41174
1.852
2.15231
2.42381
2.66379
2.87461
3.05886
3.21536
3.33824
2.55071
1.79381
1.08829
0.597069
0.392243
0.469655
0.769687
1.20571
1.70084
2.20212
2.62657
2.99434
3.30555
3.19513
2.86776
2.42102
1.87864
1.31368
0.82856
0.458335
0.282213
0.320533
0.535543
0.899351
1.33252
1.7379
2.13549
2.5188
2.88731
2.77099
2.47036
1.92006
1.2889
0.768189
0.431483
0.314742
0.40055
0.63508
0.981118
1.34903
1.72499
2.08504
2.42258
2.74175
3.04705
2.71192
2.2474
1.71763
1.14154
0.662308
0.378149
0.353141
0.581454
1.00919
1.57231
2.0737
2.47884
2.74786
2.87878
2.97969
3.06564
2.65847
2.06379
1.37931
0.811193
0.462407
0.359403
0.470481
0.756198
1.13937
1.55142
1.91447
2.24704
2.53926
2.79654
2.66076
2.41587
2.07102
1.59736
1.07664
0.645403
0.371149
0.298177
0.434674
0.728846
1.14126
1.6329
2.07676
2.50859
2.92284
3.31553
3.67878
3.19894
2.56617
1.81757
1.1405
0.639627
0.384507
0.423288
0.763608
1.32502
1.9849
2.61215
3.20616
3.50653
3.74305
3.94257
3.55822
2.91652
2.03501
1.27297
0.722193
0.435092
0.42518
0.648789
1.05526
1.56916
2.09386
2.55087
2.87869
3.15251
3.38612
3.60027
3.21333
2.63265
1.94819
1.25624
0.702864
0.419647
0.456151
0.815556
1.43584
2.1981
2.95851
3.70374
4.39963
5.04103
4.72616
4.13334
3.2873
2.35221
1.47656
0.82586
0.494454
0.50808
0.824129
1.38095
2.05455
2.68885
3.29441
3.59032
3.83625
3.70272
3.27886
2.62852
1.85329
1.11015
0.616296
0.429322
0.560713
0.95744
1.53818
2.20469
2.91156
3.61102
3.68081
3.33416
2.71423
1.98744
1.30919
0.762187
0.43679
0.356827
0.533808
0.945727
1.53499
2.16038
2.80086
3.41708
4.00047
4.5617
5.10195
4.38211
3.45046
2.38489
1.42076
0.779126
0.55767
0.726971
1.25569
2.1035
3.13458
4.25922
5.20695
6.07036
6.84344
7.55695
6.76351
5.5578
4.11122
2.73439
1.61127
0.891376
0.625506
0.800621
1.32683
2.04329
2.79082
3.53118
4.22215
4.40341
4.5423
4.31098
3.73348
2.91715
2.05316
1.28012
0.727196
0.435583
0.448913
0.735578
1.23251
1.81264
2.36559
2.91108
3.43264
3.92939
3.62519
2.97633
2.06153
1.25651
0.725745
0.515783
0.619041
1.00043
1.56955
2.20895
2.79577
3.33719
3.53256
3.29684
2.71613
2.03199
1.32099
0.791647
0.448094
0.340211
0.465818
0.769635
1.19121
1.63235
2.08178
2.50617
2.90066
3.27546
2.88745
2.36562
1.70424
1.05246
0.590665
0.421965
0.548824
0.933081
1.48083
2.13841
2.83498
3.5141
4.14735
4.72779
4.13922
3.30936
2.37388
1.50701
0.842814
0.514884
0.528428
0.826794
1.32139
1.89987
2.50998
3.08975
3.62335
4.12425
4.61122
4.04692
3.3067
2.42825
1.58763
0.926052
0.526935
0.413296
0.562986
0.917017
1.37022
1.82323
2.18632
2.50316
2.78421
2.73002
2.4544
2.02508
1.49644
0.96002
0.548687
0.342551
0.383332
0.655883
1.12617
1.69698
2.25534
2.80261
3.31828
3.80008
3.57888
3.01021
2.12971
1.28723
0.713554
0.569778
0.820218
1.38606
2.11994
2.98524
3.88909
4.75529
5.54686
6.2571
5.46392
4.31303
3.07275
1.89367
1.06193
0.671621
0.711873
1.16493
1.98288
3.03116
3.99291
4.90493
5.71102
5.61609
5.0549
4.11544
2.97898
1.91296
1.10857
0.650379
0.613644
0.997309
1.65929
2.43491
3.17141
3.87541
4.52043
4.4153
3.95872
3.24861
2.39147
1.55632
0.888743
0.51835
0.507751
0.819143
1.32698
1.9821
2.70423
3.43327
4.14152
4.00387
3.53169
2.75477
1.80675
1.01741
0.621186
0.609163
0.898659
1.39317
2.02986
2.55763
2.88255
2.94893
2.74315
2.33027
1.7208
1.13779
0.68852
0.39719
0.27666
0.329672
0.582174
0.95754
1.3781
1.83375
2.28453
2.2973
2.01112
1.57674
1.10368
0.659216
0.371878
0.319559
0.500786
0.866629
1.35285
1.84199
2.13847
2.08909
1.70578
1.17678
0.695766
0.375009
0.305771
0.469496
0.855514
1.34863
1.81351
1.98915
1.90015
1.58358
1.15787
0.712598
0.380857
0.236468
0.31829
0.603137
1.05774
1.58674
2.1592
2.3543
2.1522
1.63236
1.06369
0.59486
0.336703
0.358395
0.684649
1.23106
1.89545
2.5668
3.23157
3.84827
3.7064
3.24176
2.55118
1.71604
1.01227
0.56445
0.478005
0.733319
1.26241
1.93166
2.60799
3.27892
3.90034
4.46593
4.98775
4.42265
3.55446
2.62975
1.71095
0.988236
0.563583
0.474985
0.704409
1.16133
1.73585
2.37282
2.999
3.58311
3.57054
3.1808
2.49923
1.7478
1.08743
0.622705
0.415152
0.46302
0.728369
1.14757
1.66625
2.22079
2.76331
2.65281
2.22821
1.67686
1.10259
0.635961
0.379947
0.385107
0.642326
1.09747
1.68953
2.34832
2.55736
2.52387
2.19678
1.70286
1.16428
0.70175
0.390295
0.287793
0.407524
0.732251
1.20357
1.73072
1.96455
1.94826
1.77915
1.52443
1.23946
0.938054
0.655586
0.419482
0.278566
0.26143
0.376132
0.58947
0.833356
1.0541
1.25624
1.29511
1.12615
0.847974
0.609149
0.5562
0.731473
1.23194
1.92934
2.6128
3.04305
3.1221
2.83537
2.23846
1.48265
0.797665
0.370577
0.263417
0.474771
0.935635
1.52793
2.08695
2.5458
2.85008
2.98582
2.57367
1.89611
1.11386
0.507012
0.209587
0.262587
0.597121
1.0957
1.56443
1.89732
1.98763
1.81376
1.4614
1.00696
0.575969
0.252947
0.100689
0.142144
0.341438
0.629471
0.92931
1.18255
1.34749
1.27227
1.0649
0.733397
0.346637
0.106355
0.102305
0.337247
0.746902
1.21264
1.65798
2.01054
