21.4987000000000
21.4986000000000
21.4984000000000
21.4981000000000
21.4977000000000
21.4972000000000
21.4966000000000
21.4959000000000
21.4951000000000
21.4942000000000
21.4932000000000
21.4921000000000
21.4909000000000
21.4897000000000
21.4883000000000
21.4869000000000
21.4854000000000
21.4837000000000
21.4820000000000
21.4803000000000
21.4784000000000
21.4765000000000
21.4744000000000
21.4723000000000
21.4702000000000
21.4679000000000
21.4656000000000
21.4631000000000
21.4607000000000
21.4581000000000
21.4555000000000
21.4528000000000
21.4500000000000
21.4471000000000
21.4442000000000
21.4412000000000
21.4382000000000
21.4351000000000
21.4319000000000
21.4286000000000
21.4253000000000
21.4219000000000
21.4185000000000
21.4150000000000
21.4114000000000
21.4078000000000
21.4041000000000
21.4004000000000
21.3966000000000
21.3927000000000
21.3888000000000
21.3849000000000
21.3808000000000
21.3768000000000
21.3727000000000
21.3685000000000
21.3642000000000
21.3600000000000
21.3556000000000
21.3512000000000
21.3468000000000
21.3423000000000
21.3378000000000
21.3332000000000
21.3286000000000
21.3240000000000
21.3193000000000
21.3145000000000
21.3097000000000
21.3049000000000
21.3000000000000
21.2951000000000
21.2901000000000
21.2851000000000
21.2801000000000
21.2750000000000
21.2699000000000
21.2647000000000
21.2595000000000
21.2543000000000
21.2490000000000
21.2437000000000
21.2383000000000
21.2330000000000
21.2276000000000
21.2221000000000
21.2166000000000
21.2111000000000
21.2056000000000
21.2000000000000
21.1944000000000
21.1888000000000
21.1831000000000
21.1774000000000
21.1717000000000
21.1659000000000
21.1602000000000
21.1544000000000
21.1485000000000
21.1427000000000
21.1368000000000
21.1309000000000
21.1249000000000
21.1190000000000
21.1130000000000
21.1070000000000
21.1009000000000
21.0949000000000
21.0888000000000
21.0827000000000
21.0766000000000
21.0704000000000
21.0642000000000
21.0581000000000
21.0519000000000
21.0456000000000
21.0394000000000
21.0331000000000
21.0268000000000
21.0205000000000
21.0142000000000
21.0079000000000
21.0015000000000
20.9951000000000
20.9887000000000
20.9823000000000
20.9759000000000
20.9695000000000
20.9630000000000
20.9565000000000
20.9501000000000
20.9436000000000
20.9370000000000
20.9305000000000
20.9240000000000
20.9174000000000
20.9109000000000
20.9043000000000
20.8977000000000
20.8911000000000
20.8845000000000
20.8779000000000
20.8712000000000
20.8646000000000
20.8579000000000
20.8513000000000
20.8446000000000
20.8379000000000
20.8312000000000
20.8245000000000
20.8178000000000
20.8111000000000
20.8044000000000
20.7976000000000
20.7909000000000
20.7841000000000
20.7774000000000
20.7706000000000
20.7638000000000
20.7571000000000
20.7503000000000
20.7435000000000
20.7367000000000
20.7299000000000
20.7231000000000
20.7163000000000
20.7095000000000
20.7026000000000
20.6958000000000
20.6890000000000
20.6822000000000
20.6753000000000
20.6685000000000
20.6616000000000
20.6548000000000
20.6480000000000
20.6411000000000
20.6343000000000
20.6274000000000
20.6205000000000
20.6137000000000
20.6068000000000
20.6000000000000
20.5931000000000
20.5862000000000
20.5794000000000
20.5725000000000
20.5656000000000
20.5587000000000
20.5519000000000
20.5450000000000
20.5381000000000
20.5313000000000
20.5244000000000
20.5175000000000
20.5107000000000
20.5038000000000
20.4969000000000
20.4901000000000
20.4832000000000
20.4763000000000
20.4695000000000
20.4626000000000
20.4558000000000
20.4489000000000
20.4420000000000
20.4352000000000
20.4283000000000
20.4215000000000
20.4146000000000
20.4078000000000
20.4010000000000
20.3941000000000
20.3873000000000
20.3805000000000
20.3736000000000
20.3668000000000
20.3600000000000
20.3532000000000
20.3464000000000
20.3395000000000
20.3327000000000
20.3259000000000
20.3191000000000
20.3123000000000
20.3056000000000
20.2988000000000
20.2920000000000
20.2852000000000
20.2785000000000
20.2717000000000
20.2649000000000
20.2582000000000
20.2514000000000
20.2447000000000
20.2379000000000
20.2312000000000
20.2245000000000
20.2178000000000
20.2110000000000
20.2043000000000
20.1976000000000
20.1909000000000
20.1842000000000
20.1776000000000
20.1709000000000
20.1642000000000
20.1575000000000
20.1509000000000
20.1442000000000
20.1376000000000
20.1309000000000
20.1243000000000
20.1177000000000
20.1111000000000
20.1045000000000
20.0979000000000
20.0913000000000
20.0847000000000
20.0781000000000
20.0715000000000
20.0649000000000
20.0584000000000
20.0518000000000
20.0453000000000
20.0388000000000
20.0322000000000
20.0257000000000
20.0192000000000
20.0127000000000
20.0062000000000
19.9997000000000
19.9932000000000
19.9868000000000
19.9803000000000
19.9738000000000
19.9674000000000
19.9609000000000
19.9545000000000
19.9481000000000
19.9417000000000
19.9353000000000
19.9289000000000
19.9225000000000
19.9161000000000
19.9098000000000
19.9034000000000
19.8970000000000
19.8907000000000
19.8844000000000
19.8780000000000
19.8717000000000
19.8654000000000
19.8591000000000
19.8528000000000
19.8466000000000
19.8403000000000
19.8340000000000
19.8278000000000
19.8216000000000
19.8153000000000
19.8091000000000
19.8029000000000
19.7967000000000
19.7905000000000
19.7843000000000
19.7781000000000
19.7720000000000
19.7658000000000
19.7597000000000
19.7536000000000
19.7474000000000
19.7413000000000
19.7352000000000
19.7291000000000
19.7230000000000
19.7170000000000
19.7109000000000
19.7049000000000
19.6988000000000
19.6928000000000
19.6868000000000
19.6807000000000
19.6747000000000
19.6688000000000
19.6628000000000
19.6568000000000
19.6508000000000
19.6449000000000
19.6389000000000
19.6330000000000
19.6271000000000
19.6212000000000
19.6153000000000
19.6094000000000
19.6035000000000
19.5977000000000
19.5918000000000
19.5860000000000
19.5801000000000
19.5743000000000
19.5685000000000
19.5627000000000
19.5569000000000
19.5511000000000
19.5453000000000
19.5396000000000
19.5338000000000
19.5281000000000
19.5223000000000
19.5166000000000
19.5109000000000
19.5052000000000
19.4995000000000
19.4939000000000
19.4882000000000
19.4825000000000
19.4769000000000
19.4713000000000
19.4656000000000
19.4600000000000
19.4544000000000
19.4488000000000
19.4432000000000
19.4377000000000
19.4321000000000
19.4266000000000
19.4210000000000
19.4155000000000
19.4100000000000
19.4045000000000
19.3990000000000
19.3935000000000
19.3880000000000
19.3826000000000
19.3771000000000
19.3717000000000
19.3663000000000
19.3608000000000
19.3554000000000
19.3500000000000
19.3446000000000
19.3393000000000
19.3339000000000
19.3285000000000
19.3232000000000
19.3179000000000
19.3126000000000
19.3072000000000
19.3019000000000
19.2967000000000
19.2914000000000
19.2861000000000
19.2809000000000
19.2756000000000
19.2704000000000
19.2651000000000
19.2599000000000
19.2547000000000
19.2495000000000
19.2444000000000
19.2392000000000
19.2340000000000
19.2289000000000
19.2237000000000
19.2186000000000
19.2135000000000
19.2084000000000
19.2033000000000
19.1982000000000
19.1931000000000
19.1881000000000
19.1830000000000
19.1780000000000
19.1729000000000
19.1679000000000
19.1629000000000
19.1579000000000
19.1529000000000
19.1479000000000
19.1430000000000
19.1380000000000
19.1331000000000
19.1281000000000
19.1232000000000
19.1183000000000
19.1134000000000
19.1085000000000
19.1036000000000
19.0988000000000
19.0939000000000
19.0890000000000
19.0842000000000
19.0794000000000
19.0746000000000
19.0697000000000
19.0649000000000
19.0602000000000
19.0554000000000
19.0506000000000
19.0459000000000
19.0411000000000
19.0364000000000
19.0317000000000
19.0269000000000
19.0222000000000
19.0175000000000
19.0129000000000
19.0082000000000
19.0035000000000
18.9989000000000
18.9942000000000
18.9896000000000
18.9850000000000
18.9804000000000
18.9758000000000
18.9712000000000
18.9666000000000
18.9620000000000
18.9575000000000
18.9529000000000
18.9484000000000
18.9439000000000
18.9393000000000
18.9348000000000
18.9303000000000
18.9259000000000
18.9214000000000
18.9169000000000
18.9125000000000
18.9080000000000
18.9036000000000
18.8991000000000
18.8947000000000
18.8903000000000
18.8859000000000
18.8815000000000
18.8772000000000
18.8728000000000
18.8684000000000
18.8641000000000
18.8598000000000
18.8554000000000
18.8511000000000
18.8468000000000
18.8425000000000
18.8382000000000
18.8340000000000
18.8297000000000
18.8254000000000
18.8212000000000
18.8170000000000
18.8127000000000
18.8085000000000
18.8043000000000
18.8001000000000
18.7959000000000
18.7917000000000
18.7876000000000
18.7834000000000
18.7793000000000
18.7751000000000
18.7710000000000
18.7669000000000
18.7628000000000
18.7587000000000
18.7546000000000
18.7505000000000
18.7464000000000
18.7424000000000
18.7383000000000
18.7343000000000
18.7302000000000
18.7262000000000
18.7222000000000
18.7182000000000
18.7142000000000
18.7102000000000
18.7062000000000
18.7023000000000
18.6983000000000
18.6944000000000
18.6904000000000
18.6865000000000
18.6826000000000
18.6787000000000
18.6748000000000
18.6709000000000
18.6670000000000
18.6631000000000
18.6593000000000
18.6554000000000
18.6516000000000
18.6477000000000
18.6439000000000
18.6401000000000
18.6363000000000
18.6325000000000
18.6287000000000
18.6249000000000
18.6211000000000
18.6174000000000
18.6136000000000
18.6099000000000
18.6061000000000
18.6024000000000
18.5987000000000
18.5950000000000
18.5913000000000
18.5876000000000
18.5839000000000
18.5802000000000
18.5766000000000
18.5729000000000
18.5693000000000
18.5656000000000
18.5620000000000
18.5584000000000
18.5548000000000
18.5512000000000
18.5476000000000
18.5440000000000
18.5404000000000
18.5369000000000
18.5333000000000
18.5298000000000
18.5262000000000
18.5227000000000
18.5192000000000
18.5156000000000
18.5121000000000
18.5086000000000
18.5051000000000
18.5017000000000
18.4982000000000
18.4947000000000
18.4913000000000
18.4878000000000
18.4844000000000
18.4810000000000
18.4775000000000
18.4741000000000
18.4707000000000
18.4673000000000
18.4639000000000
18.4606000000000
18.4572000000000
18.4538000000000
18.4505000000000
18.4471000000000
18.4438000000000
18.4405000000000
18.4372000000000
18.4338000000000
18.4305000000000
18.4272000000000
18.4240000000000
18.4207000000000
18.4174000000000
18.4141000000000
18.4109000000000
18.4076000000000
18.4044000000000
18.4012000000000
18.3980000000000
18.3947000000000
18.3915000000000
18.3883000000000
18.3851000000000
18.3820000000000
18.3788000000000
18.3756000000000
18.3725000000000
18.3693000000000
18.3662000000000
18.3630000000000
18.3599000000000
18.3568000000000
18.3537000000000
18.3506000000000
18.3475000000000
18.3444000000000
18.3413000000000
18.3382000000000
18.3352000000000
18.3321000000000
18.3291000000000
18.3260000000000
18.3230000000000
18.3200000000000
18.3169000000000
18.3139000000000
18.3109000000000
18.3079000000000
18.3049000000000
18.3020000000000
18.2990000000000
18.2960000000000
18.2931000000000
18.2901000000000
18.2872000000000
18.2842000000000
18.2813000000000
18.2784000000000
18.2755000000000
18.2726000000000
18.2697000000000
18.2668000000000
18.2639000000000
18.2610000000000
18.2581000000000
18.2553000000000
18.2524000000000
18.2496000000000
18.2467000000000
18.2439000000000
18.2411000000000
18.2382000000000
18.2354000000000
18.2326000000000
18.2298000000000
18.2270000000000
18.2243000000000
18.2215000000000
18.2187000000000
18.2159000000000
18.2132000000000
18.2104000000000
18.2077000000000
18.2050000000000
18.2022000000000
18.1995000000000
18.1968000000000
18.1941000000000
18.1914000000000
18.1887000000000
18.1860000000000
18.1833000000000
18.1807000000000
18.1780000000000
18.1753000000000
18.1727000000000
18.1700000000000
18.1674000000000
18.1648000000000
18.1621000000000
18.1595000000000
18.1569000000000
18.1543000000000
18.1517000000000
18.1491000000000
18.1465000000000
18.1439000000000
18.1414000000000
18.1388000000000
18.1362000000000
18.1337000000000
18.1311000000000
18.1286000000000
18.1261000000000
18.1235000000000
18.1210000000000
18.1185000000000
18.1160000000000
18.1135000000000
18.1110000000000
18.1085000000000
18.1060000000000
18.1036000000000
18.1011000000000
18.0986000000000
18.0962000000000
18.0937000000000
18.0913000000000
18.0888000000000
18.0864000000000
18.0840000000000
18.0816000000000
18.0791000000000
18.0767000000000
18.0743000000000
18.0719000000000
18.0696000000000
18.0672000000000
18.0648000000000
18.0624000000000
18.0601000000000
18.0577000000000
18.0554000000000
18.0530000000000
18.0507000000000
18.0483000000000
18.0460000000000
18.0437000000000
18.0414000000000
18.0391000000000
18.0368000000000
18.0345000000000
18.0322000000000
18.0299000000000
18.0276000000000
18.0253000000000
18.0231000000000
18.0208000000000
18.0185000000000
18.0163000000000
18.0140000000000
18.0118000000000
18.0096000000000
18.0073000000000
18.0051000000000
18.0029000000000
18.0007000000000
17.9985000000000
17.9963000000000
17.9941000000000
17.9919000000000
17.9897000000000
17.9875000000000
17.9854000000000
17.9832000000000
17.9810000000000
17.9789000000000
17.9767000000000
17.9746000000000
17.9724000000000
17.9703000000000
17.9682000000000
17.9661000000000
17.9639000000000
17.9618000000000
17.9597000000000
17.9576000000000
17.9555000000000
17.9534000000000
17.9513000000000
17.9493000000000
17.9472000000000
17.9451000000000
17.9431000000000
17.9410000000000
17.9389000000000
17.9369000000000
17.9349000000000
17.9328000000000
17.9308000000000
17.9288000000000
17.9267000000000
17.9247000000000
17.9227000000000
17.9207000000000
17.9187000000000
17.9167000000000
17.9147000000000
17.9127000000000
17.9107000000000
17.9088000000000
17.9068000000000
17.9048000000000
17.9029000000000
17.9009000000000
17.8990000000000
17.8970000000000
17.8951000000000
17.8931000000000
17.8912000000000
17.8893000000000
17.8874000000000
17.8855000000000
17.8835000000000
17.8816000000000
17.8797000000000
17.8778000000000
17.8759000000000
17.8741000000000
17.8722000000000
17.8703000000000
17.8684000000000
17.8666000000000
17.8647000000000
17.8628000000000
17.8610000000000
17.8591000000000
17.8573000000000
17.8555000000000
17.8536000000000
17.8518000000000
17.8500000000000
17.8482000000000
17.8463000000000
17.8445000000000
17.8427000000000
17.8409000000000
17.8391000000000
17.8373000000000
17.8355000000000
17.8338000000000
17.8320000000000
17.8302000000000
17.8284000000000
17.8267000000000
17.8249000000000
17.8232000000000
17.8214000000000
17.8197000000000
17.8179000000000
17.8162000000000
17.8145000000000
17.8127000000000
17.8110000000000
17.8093000000000
17.8076000000000
17.8059000000000
17.8041000000000
17.8024000000000
17.8007000000000
17.7991000000000
17.7974000000000
17.7957000000000
17.7940000000000
17.7923000000000
17.7907000000000
17.7890000000000
17.7873000000000
17.7857000000000
17.7840000000000
17.7824000000000
17.7807000000000
17.7791000000000
17.7774000000000
17.7758000000000
17.7742000000000
17.7725000000000
17.7709000000000
17.7693000000000
17.7677000000000
17.7661000000000
17.7645000000000
17.7629000000000
17.7613000000000
17.7597000000000
17.7581000000000
17.7565000000000
17.7549000000000
17.7534000000000
17.7518000000000
17.7502000000000
17.7487000000000
17.7471000000000
17.7456000000000
17.7440000000000
17.7425000000000
17.7409000000000
17.7394000000000
17.7378000000000
17.7363000000000
17.7348000000000
17.7333000000000
17.7317000000000
17.7302000000000
17.7287000000000
17.7272000000000
17.7257000000000
17.7242000000000
17.7227000000000
17.7212000000000
17.7197000000000
17.7182000000000
17.7168000000000
17.7153000000000
17.7138000000000
17.7123000000000
17.7109000000000
17.7094000000000
17.7080000000000
17.7065000000000
17.7050000000000
17.7036000000000
17.7022000000000
17.7007000000000
17.6993000000000
17.6979000000000
17.6964000000000
17.6950000000000
17.6936000000000
17.6922000000000
17.6907000000000
17.6893000000000
17.6879000000000
17.6865000000000
17.6851000000000
17.6837000000000
17.6823000000000
17.6810000000000
17.6796000000000
17.6782000000000
17.6768000000000
17.6754000000000
17.6741000000000
17.6727000000000
17.6713000000000
17.6700000000000
17.6686000000000
17.6673000000000
17.6659000000000
17.6646000000000
17.6632000000000
17.6619000000000
17.6606000000000
17.6592000000000
17.6579000000000
17.6566000000000
17.6553000000000
17.6539000000000
17.6526000000000
17.6513000000000
17.6500000000000
17.6487000000000
17.6474000000000
17.6461000000000
17.6448000000000
17.6435000000000
17.6422000000000
17.6410000000000
17.6397000000000
17.6384000000000
17.6371000000000
17.6359000000000
17.6346000000000
17.6333000000000
17.6321000000000
17.6308000000000
17.6296000000000
17.6283000000000
17.6271000000000
17.6258000000000
17.6246000000000
17.6233000000000
17.6221000000000
17.6209000000000
17.6196000000000
17.6184000000000
17.6172000000000
17.6160000000000
17.6148000000000
17.6135000000000
17.6123000000000
17.6111000000000
17.6099000000000
17.6087000000000
17.6075000000000
17.6063000000000
17.6051000000000
17.6040000000000
17.6028000000000
17.6016000000000
17.6004000000000
17.5992000000000
17.5981000000000
17.5969000000000
17.5957000000000
17.5946000000000
17.5934000000000
17.5923000000000
17.5911000000000
17.5899000000000
17.5888000000000
17.5877000000000
17.5865000000000
17.5854000000000
17.5842000000000
17.5831000000000
17.5820000000000
17.5809000000000
17.5797000000000
17.5786000000000
17.5775000000000
17.5764000000000
17.5753000000000
17.5742000000000
17.5730000000000
17.5719000000000
17.5708000000000
17.5697000000000
17.5686000000000
17.5676000000000
17.5665000000000
17.5654000000000
17.5643000000000
17.5632000000000
17.5621000000000
17.5611000000000
17.5600000000000
17.5589000000000
17.5579000000000
17.5568000000000
17.5557000000000
17.5547000000000
17.5536000000000
17.5526000000000
17.5515000000000
17.5505000000000
17.5494000000000
17.5484000000000
17.5473000000000
17.5463000000000
17.5453000000000
17.5442000000000
17.5432000000000
17.5422000000000
17.5412000000000
17.5401000000000
17.5391000000000
17.5381000000000
17.5371000000000
17.5361000000000
17.5351000000000
17.5341000000000
17.5331000000000
17.5321000000000
17.5311000000000
17.5301000000000
17.5291000000000
17.5281000000000
17.5271000000000
17.5261000000000
17.5252000000000
17.5242000000000
17.5232000000000
17.5222000000000
17.5213000000000
17.5203000000000
17.5193000000000
17.5184000000000
17.5174000000000
17.5164000000000
17.5155000000000
17.5145000000000
17.5136000000000
17.5126000000000
17.5117000000000
17.5107000000000
17.5098000000000
17.5089000000000
17.5079000000000
17.5070000000000
17.5061000000000
17.5051000000000
17.5042000000000
17.5033000000000
17.5024000000000
17.5014000000000
17.5005000000000
17.4996000000000
17.4987000000000
17.4978000000000
17.4969000000000
17.4960000000000
17.4951000000000
17.4942000000000
17.4933000000000
17.4924000000000
17.4915000000000
17.4906000000000
17.4897000000000
17.4888000000000
17.4879000000000
17.4871000000000
17.4862000000000
17.4853000000000
17.4844000000000
17.4835000000000
17.4827000000000
17.4818000000000
17.4809000000000
17.4801000000000
17.4792000000000
17.4784000000000
17.4775000000000
17.4766000000000
17.4758000000000
17.4749000000000
17.4741000000000
17.4732000000000
17.4724000000000
17.4716000000000
17.4707000000000
17.4699000000000
17.4691000000000
17.4682000000000
17.4674000000000
17.4666000000000
17.4657000000000
17.4649000000000
17.4641000000000
17.4633000000000
17.4624000000000
17.4616000000000
17.4608000000000
17.4600000000000
17.4592000000000
17.4584000000000
17.4576000000000
17.4568000000000
17.4560000000000
17.4552000000000
17.4544000000000
17.4536000000000
17.4528000000000
17.4520000000000
17.4512000000000
17.4504000000000
17.4496000000000
17.4489000000000
17.4481000000000
17.4473000000000
17.4465000000000
17.4457000000000
17.4450000000000
17.4442000000000
17.4434000000000
17.4427000000000
17.4419000000000
17.4411000000000
17.4404000000000
17.4396000000000
17.4389000000000
17.4381000000000
17.4373000000000
17.4366000000000
17.4358000000000
17.4351000000000
17.4344000000000
17.4336000000000
17.4329000000000
17.4321000000000
17.4314000000000
17.4307000000000
17.4299000000000
17.4292000000000
17.4285000000000
17.4277000000000
17.4270000000000
17.4263000000000
17.4256000000000
17.4248000000000
17.4241000000000
17.4234000000000
17.4227000000000
17.4220000000000
17.4213000000000
17.4205000000000
17.4198000000000
17.4191000000000
17.4184000000000
17.4177000000000
17.4170000000000
17.4163000000000
17.4156000000000
17.4149000000000
17.4142000000000
17.4135000000000
17.4129000000000
17.4122000000000
17.4115000000000
17.4108000000000
17.4101000000000
17.4094000000000
17.4087000000000
17.4081000000000
17.4074000000000
17.4067000000000
17.4060000000000
17.4054000000000
17.4047000000000
17.4040000000000
17.4034000000000
17.4027000000000
17.4020000000000
17.4014000000000
17.4007000000000
17.4001000000000
17.3994000000000
17.3988000000000
17.3981000000000
17.3974000000000
17.3968000000000
17.3962000000000
17.3955000000000
17.3949000000000
17.3942000000000
17.3936000000000
17.3929000000000
17.3923000000000
17.3917000000000
17.3910000000000
17.3904000000000
17.3898000000000
17.3891000000000
17.3885000000000
17.3879000000000
17.3873000000000
17.3866000000000
17.3860000000000
17.3854000000000
17.3848000000000
17.3842000000000
17.3835000000000
17.3829000000000
17.3823000000000
17.3817000000000
17.3811000000000
17.3805000000000
17.3799000000000
17.3793000000000
17.3787000000000
17.3781000000000
17.3775000000000
17.3769000000000
17.3763000000000
17.3757000000000
17.3751000000000
17.3745000000000
17.3739000000000
17.3733000000000
17.3727000000000
17.3721000000000
17.3716000000000
17.3710000000000
17.3704000000000
17.3698000000000
17.3692000000000
17.3687000000000
17.3681000000000
17.3675000000000
17.3669000000000
17.3664000000000
17.3658000000000
17.3652000000000
17.3647000000000
17.3641000000000
17.3635000000000
17.3630000000000
17.3624000000000
17.3618000000000
17.3613000000000
17.3607000000000
17.3602000000000
17.3596000000000
17.3591000000000
17.3585000000000
17.3580000000000
17.3574000000000
17.3569000000000
17.3563000000000
17.3558000000000
17.3552000000000
17.3547000000000
17.3542000000000
17.3536000000000
17.3531000000000
17.3525000000000
17.3520000000000
17.3515000000000
17.3510000000000
17.3504000000000
17.3499000000000
17.3494000000000
17.3488000000000
17.3483000000000
17.3478000000000
17.3473000000000
17.3467000000000
17.3462000000000
17.3457000000000
17.3452000000000
17.3447000000000
17.3442000000000
17.3437000000000
17.3431000000000
17.3426000000000
17.3421000000000
17.3416000000000
17.3411000000000
17.3406000000000
17.3401000000000
17.3396000000000
17.3391000000000
17.3386000000000
17.3381000000000
17.3376000000000
17.3371000000000
17.3366000000000
17.3361000000000
17.3356000000000
17.3351000000000
17.3346000000000
17.3342000000000
17.3337000000000
17.3332000000000
17.3327000000000
17.3322000000000
17.3317000000000
17.3313000000000
17.3308000000000
17.3303000000000
17.3298000000000
17.3293000000000
17.3289000000000
17.3284000000000
17.3279000000000
17.3275000000000
17.3270000000000
17.3265000000000
17.3261000000000
17.3256000000000
17.3251000000000
17.3247000000000
17.3242000000000
17.3237000000000
17.3233000000000
17.3228000000000
17.3224000000000
17.3219000000000
17.3214000000000
17.3210000000000
17.3205000000000
17.3201000000000
17.3196000000000
17.3192000000000
17.3187000000000
17.3183000000000
17.3178000000000
17.3174000000000
17.3170000000000
17.3165000000000
17.3161000000000
17.3156000000000
17.3152000000000
17.3148000000000
17.3143000000000
17.3139000000000
17.3135000000000
17.3130000000000
17.3126000000000
17.3122000000000
17.3117000000000
17.3113000000000
17.3109000000000
17.3104000000000
17.3100000000000
17.3096000000000
17.3092000000000
17.3087000000000
17.3083000000000
17.3079000000000
17.3075000000000
17.3071000000000
17.3066000000000
17.3062000000000
17.3058000000000
17.3054000000000
17.3050000000000
17.3046000000000
17.3042000000000
17.3038000000000
17.3033000000000
17.3029000000000
17.3025000000000
17.3021000000000
17.3017000000000
17.3013000000000
17.3009000000000
17.3005000000000
17.3001000000000
17.2997000000000
17.2993000000000
17.2989000000000
17.2985000000000
17.2981000000000
17.2977000000000
17.2973000000000
17.2969000000000
17.2966000000000
17.2962000000000
17.2958000000000
17.2954000000000
17.2950000000000
17.2946000000000
17.2942000000000
17.2938000000000
17.2935000000000
17.2931000000000
17.2927000000000
17.2923000000000
17.2919000000000
17.2916000000000
17.2912000000000
17.2908000000000
17.2904000000000
17.2901000000000
17.2897000000000
17.2893000000000
17.2889000000000
17.2886000000000
17.2882000000000
17.2878000000000
17.2875000000000
17.2871000000000
17.2867000000000
17.2864000000000
17.2860000000000
17.2856000000000
17.2853000000000
17.2849000000000
17.2846000000000
17.2842000000000
17.2838000000000
17.2835000000000
17.2831000000000
17.2828000000000
17.2824000000000
17.2821000000000
17.2817000000000
17.2814000000000
17.2810000000000
17.2807000000000
17.2803000000000
17.2800000000000
17.2796000000000
17.2793000000000
17.2789000000000
17.2786000000000
17.2782000000000
17.2779000000000
17.2775000000000
17.2772000000000
17.2769000000000
17.2765000000000
17.2762000000000
17.2758000000000
17.2755000000000
17.2752000000000
17.2748000000000
17.2745000000000
17.2742000000000
17.2738000000000
17.2735000000000
17.2732000000000
17.2728000000000
17.2725000000000
17.2722000000000
17.2719000000000
17.2715000000000
17.2712000000000
17.2709000000000
17.2706000000000
17.2702000000000
17.2699000000000
17.2696000000000
17.2693000000000
17.2689000000000
17.2686000000000
17.2683000000000
17.2680000000000
17.2677000000000
17.2674000000000
17.2670000000000
17.2667000000000
17.2664000000000
17.2661000000000
17.2658000000000
17.2655000000000
17.2652000000000
17.2649000000000
17.2645000000000
17.2642000000000
17.2639000000000
17.2636000000000
17.2633000000000
17.2630000000000
17.2627000000000
17.2624000000000
17.2621000000000
17.2618000000000
17.2615000000000
17.2612000000000
17.2609000000000
17.2606000000000
17.2603000000000
17.2600000000000
17.2597000000000
17.2594000000000
17.2591000000000
17.2588000000000
17.2585000000000
17.2582000000000
17.2579000000000
17.2576000000000
17.2574000000000
17.2571000000000
17.2568000000000
17.2565000000000
17.2562000000000
17.2559000000000
17.2556000000000
17.2553000000000
17.2551000000000
17.2548000000000
17.2545000000000
17.2542000000000
17.2539000000000
17.2536000000000
17.2534000000000
17.2531000000000
17.2528000000000
17.2525000000000
17.2523000000000
17.2520000000000
17.2517000000000
17.2514000000000
17.2511000000000
17.2509000000000
17.2506000000000
17.2503000000000
17.2501000000000
17.2498000000000
17.2495000000000
17.2492000000000
17.2490000000000
17.2487000000000
17.2484000000000
17.2482000000000
17.2479000000000
17.2476000000000
17.2474000000000
17.2471000000000
17.2468000000000
17.2466000000000
17.2463000000000
17.2461000000000
17.2458000000000
17.2455000000000
17.2453000000000
17.2450000000000
17.2448000000000
17.2445000000000
17.2442000000000
17.2440000000000
17.2437000000000
17.2435000000000
17.2432000000000
17.2430000000000
17.2427000000000
17.2425000000000
17.2422000000000
17.2420000000000
17.2417000000000
17.2415000000000
17.2412000000000
17.2410000000000
17.2407000000000
17.2405000000000
17.2402000000000
17.2400000000000
17.2397000000000
17.2395000000000
17.2392000000000
17.2390000000000
17.2388000000000
17.2385000000000
17.2383000000000
17.2380000000000
17.2378000000000
17.2376000000000
17.2373000000000
17.2371000000000
17.2368000000000
17.2366000000000
17.2364000000000
17.2361000000000
17.2359000000000
17.2357000000000
17.2354000000000
17.2352000000000
17.2350000000000
17.2347000000000
17.2345000000000
17.2343000000000
17.2340000000000
17.2338000000000
17.2336000000000
17.2333000000000
17.2331000000000
17.2329000000000
17.2327000000000
17.2324000000000
17.2322000000000
17.2320000000000
17.2318000000000
17.2315000000000
17.2313000000000
17.2311000000000
17.2309000000000
17.2306000000000
17.2304000000000
17.2302000000000
17.2300000000000
17.2298000000000
17.2295000000000
17.2293000000000
17.2291000000000
17.2289000000000
17.2287000000000
17.2284000000000
17.2282000000000
17.2280000000000
17.2278000000000
17.2276000000000
17.2274000000000
17.2272000000000
17.2269000000000
17.2267000000000
17.2265000000000
17.2263000000000
17.2261000000000
17.2259000000000
17.2257000000000
17.2255000000000
17.2253000000000
17.2251000000000
17.2249000000000
17.2246000000000
17.2244000000000
17.2242000000000
17.2240000000000
17.2238000000000
17.2236000000000
17.2234000000000
17.2232000000000
17.2230000000000
17.2228000000000
17.2226000000000
17.2224000000000
17.2222000000000
17.2220000000000
17.2218000000000
17.2216000000000
17.2214000000000
17.2212000000000
17.2210000000000
17.2208000000000
17.2206000000000
17.2204000000000
17.2202000000000
17.2200000000000
17.2198000000000
17.2196000000000
17.2195000000000
17.2193000000000
17.2191000000000
17.2189000000000
17.2187000000000
17.2185000000000
17.2183000000000
17.2181000000000
17.2179000000000
17.2177000000000
17.2176000000000
17.2174000000000
17.2172000000000
17.2170000000000
17.2168000000000
17.2166000000000
17.2164000000000
17.2162000000000
17.2161000000000
17.2159000000000
17.2157000000000
17.2155000000000
17.2153000000000
17.2151000000000
17.2150000000000
17.2148000000000
17.2146000000000
17.2144000000000
17.2142000000000
17.2141000000000
17.2139000000000
17.2137000000000
17.2135000000000
17.2133000000000
17.2132000000000
17.2130000000000
17.2128000000000
17.2126000000000
17.2125000000000
17.2123000000000
17.2121000000000
17.2119000000000
17.2118000000000
17.2116000000000
17.2114000000000
17.2113000000000
17.2111000000000
17.2109000000000
17.2107000000000
17.2106000000000
17.2104000000000
17.2102000000000
17.2101000000000
17.2099000000000
17.2097000000000
17.2096000000000
17.2094000000000
17.2092000000000
17.2091000000000
17.2089000000000
17.2087000000000
17.2086000000000
17.2084000000000
17.2082000000000
17.2081000000000
17.2079000000000
17.2077000000000
17.2076000000000
17.2074000000000
17.2072000000000
17.2071000000000
17.2069000000000
17.2068000000000
17.2066000000000
17.2064000000000
17.2063000000000
17.2061000000000
17.2060000000000
17.2058000000000
17.2057000000000
17.2055000000000
17.2053000000000
17.2052000000000
17.2050000000000
17.2049000000000
17.2047000000000
17.2046000000000
17.2044000000000
17.2043000000000
17.2041000000000
17.2039000000000
17.2038000000000
17.2036000000000
17.2035000000000
17.2033000000000
17.2032000000000
17.2030000000000
17.2029000000000
17.2027000000000
17.2026000000000
17.2024000000000
17.2023000000000
17.2021000000000
17.2020000000000
17.2018000000000
17.2017000000000
17.2015000000000
17.2014000000000
17.2013000000000
17.2011000000000
17.2010000000000
17.2008000000000
17.2007000000000
17.2005000000000
17.2004000000000
17.2002000000000
17.2001000000000
17.1999000000000
17.1998000000000
17.1997000000000
17.1995000000000
17.1994000000000
17.1992000000000
17.1991000000000
17.1990000000000
17.1988000000000
17.1987000000000
17.1985000000000
17.1984000000000
17.1983000000000
17.1981000000000
17.1980000000000
17.1978000000000
17.1977000000000
17.1976000000000
17.1974000000000
17.1973000000000
17.1972000000000
17.1970000000000
17.1969000000000
17.1968000000000
17.1966000000000
17.1965000000000
17.1964000000000
17.1962000000000
17.1961000000000
17.1960000000000
17.1958000000000
17.1957000000000
17.1956000000000
17.1954000000000
17.1953000000000
17.1952000000000
17.1950000000000
17.1949000000000
17.1948000000000
17.1946000000000
17.1945000000000
17.1944000000000
17.1943000000000
17.1941000000000
17.1940000000000
17.1939000000000
17.1938000000000
17.1936000000000
17.1935000000000
17.1934000000000
17.1932000000000
17.1931000000000
17.1930000000000
17.1929000000000
17.1927000000000
17.1926000000000
17.1925000000000
17.1924000000000
17.1923000000000
17.1921000000000
17.1920000000000
17.1919000000000
17.1918000000000
17.1916000000000
17.1915000000000
17.1914000000000
17.1913000000000
17.1912000000000
17.1910000000000
17.1909000000000
17.1908000000000
17.1907000000000
17.1906000000000
17.1904000000000
17.1903000000000
17.1902000000000
17.1901000000000
17.1900000000000
17.1899000000000
17.1897000000000
17.1896000000000
17.1895000000000
17.1894000000000
17.1893000000000
17.1892000000000
17.1890000000000
17.1889000000000
17.1888000000000
17.1887000000000
17.1886000000000
17.1885000000000
17.1884000000000
17.1883000000000
17.1881000000000
17.1880000000000
17.1879000000000
17.1878000000000
17.1877000000000
17.1876000000000
17.1875000000000
17.1874000000000
17.1873000000000
17.1871000000000
17.1870000000000
17.1869000000000
17.1868000000000
17.1867000000000
17.1866000000000
17.1865000000000
17.1864000000000
17.1863000000000
17.1862000000000
17.1861000000000
17.1860000000000
17.1858000000000
17.1857000000000
17.1856000000000
17.1855000000000
17.1854000000000
17.1853000000000
17.1852000000000
17.1851000000000
17.1850000000000
17.1849000000000
17.1848000000000
17.1847000000000
17.1846000000000
17.1845000000000
17.1844000000000
17.1843000000000
17.1842000000000
17.1841000000000
17.1840000000000
17.1839000000000
17.1838000000000
17.1837000000000
17.1836000000000
17.1835000000000
17.1834000000000
17.1833000000000
17.1832000000000
17.1831000000000
17.1830000000000
17.1829000000000
17.1828000000000
17.1827000000000
17.1826000000000
17.1825000000000
17.1824000000000
17.1823000000000
17.1822000000000
17.1821000000000
17.1820000000000
17.1819000000000
17.1818000000000
17.1817000000000
17.1816000000000
17.1815000000000
17.1814000000000
17.1813000000000
17.1812000000000
17.1811000000000
17.1811000000000
17.1810000000000
17.1809000000000
17.1808000000000
17.1807000000000
17.1806000000000
17.1805000000000
17.1804000000000
17.1803000000000
17.1802000000000
17.1801000000000
17.1800000000000
17.1799000000000
17.1799000000000
17.1798000000000
17.1797000000000
17.1796000000000
17.1795000000000
17.1794000000000
17.1793000000000
17.1792000000000
17.1791000000000
17.1790000000000
17.1790000000000
17.1789000000000
17.1788000000000
17.1787000000000
17.1786000000000
17.1785000000000
17.1784000000000
17.1783000000000
17.1783000000000
17.1782000000000
17.1781000000000
17.1780000000000
17.1779000000000
17.1778000000000
17.1777000000000
17.1777000000000
17.1776000000000
17.1775000000000
17.1774000000000
17.1773000000000
17.1772000000000
17.1772000000000
17.1771000000000
17.1770000000000
17.1769000000000
17.1768000000000
17.1767000000000
17.1767000000000
17.1766000000000
17.1765000000000
17.1764000000000
17.1763000000000
17.1763000000000
17.1762000000000
17.1761000000000
17.1760000000000
17.1759000000000
17.1759000000000
17.1758000000000
17.1757000000000
17.1756000000000
17.1755000000000
17.1755000000000
17.1754000000000
17.1753000000000
17.1752000000000
17.1751000000000
17.1751000000000
17.1750000000000
17.1749000000000
17.1748000000000
17.1748000000000
17.1747000000000
17.1746000000000
17.1745000000000
17.1744000000000
17.1744000000000
17.1743000000000
17.1742000000000
17.1741000000000
17.1741000000000
17.1740000000000
17.1739000000000
17.1738000000000
17.1738000000000
17.1737000000000
17.1736000000000
17.1735000000000
17.1735000000000
17.1734000000000
17.1733000000000
17.1733000000000
17.1732000000000
17.1731000000000
17.1730000000000
17.1730000000000
17.1729000000000
17.1728000000000
17.1727000000000
17.1727000000000
17.1726000000000
17.1725000000000
17.1725000000000
17.1724000000000
17.1723000000000
17.1722000000000
17.1722000000000
17.1721000000000
17.1720000000000
17.1720000000000
17.1719000000000
17.1718000000000
17.1718000000000
17.1717000000000
17.1716000000000
17.1716000000000
17.1715000000000
17.1714000000000
17.1713000000000
17.1713000000000
17.1712000000000
17.1711000000000
17.1711000000000
