0.000182355
3.92924e-005
5.53213e-005
5.14257e-005
4.86843e-005
4.64353e-005
4.44826e-005
4.2758e-005
4.12252e-005
3.98567e-005
3.86291e-005
3.75217e-005
3.65168e-005
3.55992e-005
3.47558e-005
3.39756e-005
3.32494e-005
3.25694e-005
3.19289e-005
3.13224e-005
3.07454e-005
3.01938e-005
2.96646e-005
2.91549e-005
2.86624e-005
2.81852e-005
2.77218e-005
2.72707e-005
2.68307e-005
2.6401e-005
2.59807e-005
2.55691e-005
2.51656e-005
2.47697e-005
2.43811e-005
2.39993e-005
2.3624e-005
2.3255e-005
2.28921e-005
2.25349e-005
2.21834e-005
2.18374e-005
2.14967e-005
2.11613e-005
2.0831e-005
2.05057e-005
2.01852e-005
1.98697e-005
1.95588e-005
1.92526e-005
1.8951e-005
1.86539e-005
1.83613e-005
1.80731e-005
1.77891e-005
1.75095e-005
1.7234e-005
1.69627e-005
1.66955e-005
1.64323e-005
1.6173e-005
1.59177e-005
1.56663e-005
1.54187e-005
1.51748e-005
1.49346e-005
1.46982e-005
1.44653e-005
1.42359e-005
1.40101e-005
1.37878e-005
1.35688e-005
1.33532e-005
1.3141e-005
1.2932e-005
1.27262e-005
1.25236e-005
1.23241e-005
1.21277e-005
1.19344e-005
1.1744e-005
1.15566e-005
1.13721e-005
1.11905e-005
1.10117e-005
1.08357e-005
1.06625e-005
1.04919e-005
1.0324e-005
1.01587e-005
9.99601e-006
9.83586e-006
9.67822e-006
9.52305e-006
9.37031e-006
9.21997e-006
9.07199e-006
8.92634e-006
8.78297e-006
8.64186e-006
level 1
0.375508
6.38948e-005
1.67433e-005
6.23423e-006
3.28724e-006