0 0 0
0 0 0
0 0 0
0 0 0
0 0 0
0 0 0
0 0 0
0 0 0
0 0 0
0 0 0
0 0 0
0 0 0
-0.0306392 0.0603671 -1.7486e-015
0.114408 -0.095041 -1.7486e-015
0.114408 -0.095041 -1.7486e-015
0.445946 -0.45766 -1.7486e-015
0.829286 -0.804738 -1.7486e-015
1.0365 -0.991227 -1.7486e-015
1.31623 -1.20362 -1.7486e-015
1.31623 -1.20362 -1.7486e-015
1.48718 -1.33313 -1.7486e-015
1.66331 -1.43155 -1.7486e-015
1.66331 -1.43155 -1.7486e-015
1.74619 -1.48853 -1.7486e-015
1.79282 -1.52998 -1.7486e-015
1.80318 -1.54034 -1.7486e-015
1.81354 -1.56624 -1.7486e-015
1.81354 -1.56624 -1.7486e-015
1.81354 -1.56624 -1.7486e-015
1.82908 -1.59214 -1.7486e-015
1.8498 -1.61286 -1.7486e-015
1.85498 -1.62322 -1.7486e-015
1.85498 -1.62322 -1.7486e-015
1.85498 -1.62322 -1.7486e-015
1.85498 -1.62322 -1.7486e-015
1.85498 -1.62322 -1.7486e-015
1.85498 -1.62322 -1.7486e-015
1.85498 -1.62322 -1.7486e-015
1.85498 -1.62322 -1.7486e-015
1.85498 -1.62322 -1.7486e-015
1.85498 -1.62322 -1.7486e-015
1.85498 -1.61804 -1.7486e-015
1.85498 -1.61804 -1.7486e-015
1.51826 -1.3124 -1.7486e-015
1.1142 -0.908343 -1.7486e-015
1.1142 -0.908343 -1.7486e-015
1.1142 -0.908343 -1.7486e-015
1.1142 -0.908343 -1.7486e-015
0.300898 -0.0691396 -1.7486e-015
0.274997 -0.0484185 -1.7486e-015
0.228374 -0.0121567 -1.7486e-015
0.207653 0.00338415 -1.7486e-015
0.207653 0.00338415 -1.7486e-015
0.14031 0.0344658 -1.7486e-015
0.0988676 0.0603671 -1.7486e-015
0.0988676 0.0603671 -1.7486e-015
0.0988676 0.0603671 -1.7486e-015
0.0522451 0.096629 -1.7486e-015
0.0522451 0.096629 -1.7486e-015
0.0522451 0.096629 -1.7486e-015
0.0522451 0.096629 -1.7486e-015
0.0522451 0.096629 -1.7486e-015
0.0522451 0.096629 -1.7486e-015
0.0522451 0.096629 -1.7486e-015
0.0418846 0.101809 -1.7486e-015
0.0418846 0.101809 -1.7486e-015
0.0418846 0.101809 -1.7486e-015
0.0418846 0.101809 -1.7486e-015
0.0418846 0.101809 -1.7486e-015
0.0418846 0.101809 -1.7486e-015
0.0418846 0.101809 -1.7486e-015
0.0418846 0.101809 -1.7486e-015
0.0418846 0.101809 -1.7486e-015
0.0418846 0.101809 -1.7486e-015
0.0418846 0.101809 -1.7486e-015
0.0418846 0.101809 -1.7486e-015
0.0418846 0.101809 -1.7486e-015
0.0418846 0.101809 -1.7486e-015
0.0418846 0.096629 -1.7486e-015
0.0626057 0.0603671 -1.7486e-015
0.0626057 0.0603671 -1.7486e-015
0.0729662 0.0137447 -1.7486e-015
0.0833267 -0.0225172 -1.7486e-015
0.0988676 -0.0432383 -1.7486e-015
0.0988676 -0.0432383 -1.7486e-015
0.119589 -0.0743199 -1.7486e-015
0.129949 -0.100221 -1.7486e-015
0.14549 -0.157204 -1.7486e-015
0.171391 -0.198646 -1.7486e-015
0.171391 -0.198646 -1.7486e-015
0.197293 -0.229728 -1.7486e-015
0.223194 -0.26081 -1.7486e-015
0.254276 -0.281531 -1.7486e-015
0.290538 -0.307432 -1.7486e-015
0.290538 -0.307432 -1.7486e-015
0.311259 -0.322973 -1.7486e-015
0.33716 -0.354054 -1.7486e-015
0.357881 -0.400677 -1.7486e-015
0.399323 -0.436939 -1.7486e-015
0.430405 -0.46802 -1.7486e-015
0.430405 -0.46802 -1.7486e-015
0.461486 -0.504282 -1.7486e-015
0.482207 -0.535364 -1.7486e-015
0.513289 -0.556085 -1.7486e-015
0.513289 -0.556085 -1.7486e-015
0.544371 -0.576806 -1.7486e-015
0.580633 -0.597527 -1.7486e-015
0.611714 -0.623428 -1.7486e-015
0.627255 -0.638969 -1.7486e-015
0.647976 -0.65451 -1.7486e-015
0.647976 -0.65451 -1.7486e-015
0.673877 -0.680411 -1.7486e-015
0.710139 -0.706313 -1.7486e-015
0.736041 -0.721854 -1.7486e-015
0.761942 -0.737394 -1.7486e-015
0.761942 -0.737394 -1.7486e-015
0.787843 -0.763296 -1.7486e-015
0.808564 -0.784017 -1.7486e-015
0.834466 -0.799558 -1.7486e-015
0.834466 -0.799558 -1.7486e-015
0.850007 -0.820279 -1.7486e-015
0.881088 -0.84618 -1.7486e-015
0.881088 -0.84618 -1.7486e-015
0.881088 -0.84618 -1.7486e-015
0.881088 -0.84618 -1.7486e-015
0.969153 -0.949785 -1.7486e-015
1.00541 -0.986047 -1.7486e-015
1.04168 -1.02749 -1.7486e-015
1.07794 -1.05857 -1.7486e-015
1.09866 -1.08965 -1.7486e-015
1.10902 -1.11037 -1.7486e-015
1.10902 -1.11037 -1.7486e-015
1.1401 -1.14664 -1.7486e-015
1.1919 -1.18808 -1.7486e-015
1.1919 -1.18808 -1.7486e-015
1.24889 -1.25024 -1.7486e-015
1.24889 -1.25024 -1.7486e-015
1.27479 -1.29168 -1.7486e-015
1.30587 -1.32794 -1.7486e-015
1.34731 -1.38493 -1.7486e-015
1.39393 -1.44191 -1.7486e-015
1.44574 -1.48853 -1.7486e-015
1.44574 -1.48853 -1.7486e-015
1.49236 -1.54034 -1.7486e-015
1.52862 -1.5766 -1.7486e-015
1.59079 -1.64394 -1.7486e-015
1.63223 -1.68538 -1.7486e-015
1.63223 -1.68538 -1.7486e-015
1.65813 -1.7061 -1.7486e-015
1.68403 -1.72683 -1.7486e-015
1.68403 -1.72683 -1.7486e-015
1.72029 -1.76309 -1.7486e-015
1.72029 -1.76309 -1.7486e-015
1.73065 -1.78381 -1.7486e-015
1.73065 -1.78381 -1.7486e-015
1.73065 -1.78381 -1.7486e-015
1.73065 -1.78381 -1.7486e-015
1.73065 -1.78381 -1.7486e-015
1.73065 -1.78381 -1.7486e-015
1.73065 -1.78381 -1.7486e-015
1.73065 -1.77863 -1.7486e-015
1.72029 -1.76309 -1.7486e-015
1.72029 -1.76309 -1.7486e-015
1.71511 -1.75273 -1.7486e-015
1.68921 -1.71647 -1.7486e-015
1.67885 -1.69574 -1.7486e-015
1.67885 -1.69574 -1.7486e-015
1.65295 -1.67502 -1.7486e-015
1.63223 -1.6543 -1.7486e-015
1.60633 -1.61804 -1.7486e-015
1.59079 -1.6025 -1.7486e-015
1.57006 -1.57142 -1.7486e-015
1.57006 -1.57142 -1.7486e-015
1.5597 -1.56106 -1.7486e-015
1.54416 -1.53516 -1.7486e-015
1.52344 -1.51443 -1.7486e-015
1.50272 -1.48853 -1.7486e-015
1.47164 -1.45745 -1.7486e-015
1.47164 -1.45745 -1.7486e-015
1.43538 -1.42119 -1.7486e-015
1.41984 -1.39529 -1.7486e-015
1.39912 -1.36939 -1.7486e-015
1.39393 -1.36421 -1.7486e-015
1.39393 -1.36421 -1.7486e-015
1.38357 -1.34349 -1.7486e-015
1.35767 -1.32276 -1.7486e-015
1.34213 -1.30204 -1.7486e-015
1.31105 -1.27096 -1.7486e-015
1.31105 -1.27096 -1.7486e-015
1.26961 -1.22952 -1.7486e-015
1.24371 -1.2088 -1.7486e-015
1.20226 -1.16736 -1.7486e-015
1.166 -1.12591 -1.7486e-015
1.12974 -1.07929 -1.7486e-015
1.09866 -1.04303 -1.7486e-015
1.09866 -1.04303 -1.7486e-015
1.07794 -1.01713 -1.7486e-015
1.04168 -0.980867 -1.7486e-015
1.00541 -0.939425 -1.7486e-015
0.974333 -0.897983 -1.7486e-015
0.974333 -0.897983 -1.7486e-015
0.948432 -0.866901 -1.7486e-015
0.91217 -0.825459 -1.7486e-015
0.881088 -0.794377 -1.7486e-015
0.834466 -0.758115 -1.7486e-015
0.777483 -0.727034 -1.7486e-015
0.777483 -0.727034 -1.7486e-015
0.736041 -0.695952 -1.7486e-015
0.699779 -0.664871 -1.7486e-015
0.673877 -0.644149 -1.7486e-015
0.647976 -0.628609 -1.7486e-015
0.647976 -0.628609 -1.7486e-015
0.606534 -0.597527 -1.7486e-015
0.570272 -0.571626 -1.7486e-015
0.52883 -0.530184 -1.7486e-015
0.497748 -0.499102 -1.7486e-015
0.497748 -0.499102 -1.7486e-015
0.497748 -0.499102 -1.7486e-015
0.482207 -0.478381 -1.7486e-015
0.445946 -0.46284 -1.7486e-015
0.425225 -0.416218 -1.7486e-015
0.425225 -0.416218 -1.7486e-015
0.378602 -0.374775 -1.7486e-015
0.363061 -0.343694 -1.7486e-015
0.352701 -0.338514 -1.7486e-015
0.33716 -0.322973 -1.7486e-015
0.33716 -0.322973 -1.7486e-015
0.326799 -0.312612 -1.7486e-015
0.306078 -0.286711 -1.7486e-015
0.290538 -0.255629 -1.7486e-015
0.290538 -0.255629 -1.7486e-015
0.274997 -0.234908 -1.7486e-015
0.249095 -0.203827 -1.7486e-015
0.238735 -0.183106 -1.7486e-015
0.218014 -0.152024 -1.7486e-015
0.218014 -0.152024 -1.7486e-015
0.197293 -0.120942 -1.7486e-015
0.176572 -0.0846804 -1.7486e-015
0.14031 -0.0432383 -1.7486e-015
0.119589 -0.00697639 -1.7486e-015
0.0988676 0.018925 -1.7486e-015
0.0988676 0.018925 -1.7486e-015
0.088507 0.0448263 -1.7486e-015
0.0781465 0.0603671 -1.7486e-015
0.0781465 0.0603671 -1.7486e-015
0.0677859 0.0759079 -1.7486e-015
0.0574254 0.0914487 -1.7486e-015
0.0470649 0.10699 -1.7486e-015
0.0470649 0.10699 -1.7486e-015
0.010803 0.138071 -1.7486e-015
-0.0202786 0.174333 -1.7486e-015
-0.04618 0.205415 -1.7486e-015
-0.04618 0.205415 -1.7486e-015
-0.0720813 0.226136 -1.7486e-015
-0.108343 0.262398 -1.7486e-015
-0.149785 0.288299 -1.7486e-015
-0.180867 0.3142 -1.7486e-015
-0.180867 0.3142 -1.7486e-015
-0.206768 0.334921 -1.7486e-015
-0.23267 0.360823 -1.7486e-015
-0.258571 0.391904 -1.7486e-015
-0.289653 0.417806 -1.7486e-015
-0.315554 0.443707 -1.7486e-015
-0.362176 0.479969 -1.7486e-015
-0.388078 0.50069 -1.7486e-015
-0.419159 0.521411 -1.7486e-015
-0.445061 0.547312 -1.7486e-015
-0.476142 0.578394 -1.7486e-015
-0.476142 0.578394 -1.7486e-015
-0.512404 0.609476 -1.7486e-015
-0.543486 0.645738 -1.7486e-015
-0.569387 0.676819 -1.7486e-015
-0.600469 0.713081 -1.7486e-015
-0.600469 0.713081 -1.7486e-015
-0.62637 0.749343 -1.7486e-015
-0.657452 0.780424 -1.7486e-015
-0.683353 0.811506 -1.7486e-015
-0.683353 0.811506 -1.7486e-015
-0.740336 0.87885 -1.7486e-015
-0.740336 0.87885 -1.7486e-015
-0.761057 0.89439 -1.7486e-015
-0.781778 0.915111 -1.7486e-015
-0.781778 0.915111 -1.7486e-015
-0.781778 0.915111 -1.7486e-015
-0.781778 0.915111 -1.7486e-015
-0.781778 0.915111 -1.7486e-015
-0.781778 0.915111 -1.7486e-015
-0.781778 0.915111 -1.7486e-015
-0.786958 0.920292 -1.7486e-015
-0.786958 0.920292 -1.7486e-015
-0.786958 0.920292 -1.7486e-015
-0.786958 0.920292 -1.7486e-015
-0.786958 0.920292 -1.7486e-015
-0.786958 0.920292 -1.7486e-015
-0.786958 0.920292 -1.7486e-015
-0.786958 0.920292 -1.7486e-015
-0.786958 0.920292 -1.7486e-015
-0.786958 0.920292 -1.7486e-015
-0.786958 0.920292 -1.7486e-015
-0.786958 0.920292 -1.7486e-015
-0.786958 0.920292 -1.7486e-015
0 0 0
0 0 0
0 0 0
0 0 0
0 0 0
0 0 0
0 0 0
0 0 0
0 0 0
0 0 0
0 0 0
0 0 0
0 0 0
0 0 0
0 0 0
0 0 0
0 0 0
0 0 0
0 0 0
0 0 0
0 0 0
0 0 0
0 0 0
0 0 0
0 0 0
0 0 0
