0.5 -0.35 0.1
0.5 -0.35 0.1
0.5 -0.35 0.1
0.5 -0.35 0.1
0.5 -0.35 0.1
0.5 -0.35 0.1
0.5 -0.35 0.1
0.5 -0.35 0.1
0.5 -0.35 0.1
0.5 -0.35 0.1
0.5 -0.35 0.1
0.5 -0.35 0.1
0.5 -0.35 0.1
0.5 -0.35 0.1
0.5 -0.35 0.1
0.5 -0.35 0.1
0.5 -0.35 0.1
0.5 -0.35 0.1
0.5 -0.35 0.1
0.5 -0.35 0.1
0.5 -0.35 0.1
0.5 -0.35 0.1
0.5 -0.35 0.1
0.5 -0.35 0.1
0.5 -0.35 0.1
0.5 -0.35 0.1
0.5 -0.35 0.1
0.5 -0.35 0.1
0.5 -0.35 0.1
0.5 -0.35 0.1
0.5 -0.35 0.1
0.5 -0.35 0.1
0.5 -0.35 0.1
0.5 -0.35 0.1
0.5 -0.35 0.1
0.5 -0.35 0.1
0.5 -0.35 0.1
0.5 -0.35 0.1
0.5 -0.35 0.1
0.5 -0.35 0.1
0.5 -0.35 0.1
0.5 -0.35 0.1
0.5 -0.35 0.1
0.5 -0.35 0.1
0.5 -0.35 0.1
0.5 -0.35 0.1
0.5 -0.35 0.1
0.5 -0.35 0.1
0.5 -0.35 0.1
0.5 -0.35 0.1
0.5 -0.35 0.1
0.5 -0.35 0.1
0.5 -0.35 0.1
0.5 -0.35 0.1
0.5 -0.35 0.1
0.5 -0.35 0.1
0.5 -0.35 0.1
0.5 -0.35 0.1
0.5 -0.35 0.1
0.5 -0.35 0.1
0.5 -0.35 0.1
0.5 -0.35 0.1
0.5 -0.35 0.1
0.5 -0.35 0.1
0.5 -0.35 0.1
0.5 -0.35 0.1
0.5 -0.35 0.1
0.5 -0.35 0.1
0.5 -0.35 0.1
0.5 -0.35 0.1
0.5 -0.35 0.1
0.5 -0.35 0.1
0.5 -0.35 0.1
0.5 -0.35 0.1
0.5 -0.35 0.1
0.5 -0.35 0.1
0.5 -0.35 0.1
0.5 -0.35 0.1
0.5 -0.35 0.1
0.5 -0.35 0.1
0.5 -0.35 0.1
0.5 -0.35 0.1
0.5 -0.35 0.1
0.5 -0.35 0.1
0.5 -0.35 0.1
0.5 -0.35 0.1
0.5 -0.35 0.1
0.5 -0.35 0.1
0.5 -0.35 0.1
0.5 -0.35 0.1
0.5 -0.35 0.1
0.5 -0.35 0.1
0.5 -0.35 0.1
0.5 -0.35 0.1
0.5 -0.35 0.1
0.5 -0.35 0.1
0.5 -0.35 0.1
0.5 -0.35 0.1
0.5 -0.35 0.1
0.5 -0.35 0.1
0.5 -0.35 0.1
0.5 -0.35 0.1
0.5 -0.35 0.1
0.5 -0.35 0.1
0.5 -0.35 0.1
0.5 -0.35 0.1
0.5 -0.35 0.1
0.5 -0.35 0.1
0.5 -0.35 0.1
0.5 -0.35 0.1
0.5 -0.35 0.1
0.5 -0.35 0.1
0.5 -0.35 0.1
0.5 -0.35 0.1
0.5 -0.35 0.1
0.5 -0.35 0.1
0.5 -0.35 0.1
0.5 -0.35 0.1
0.5 -0.35 0.1
0.5 -0.35 0.1
0.5 -0.35 0.1
0.5 -0.35 0.1
0.5 -0.35 0.1
0.5 -0.35 0.1
0.5 -0.35 0.1
0.5 -0.35 0.1
0.5 -0.35 0.1
0.5 -0.35 0.1
0.5 -0.35 0.1
0.5 -0.35 0.1
0.5 -0.35 0.1
0.5 -0.35 0.1
0.5 -0.35 0.1
0.5 -0.35 0.1
0.5 -0.35 0.1
0.5 -0.35 0.1
0.5 -0.35 0.1
0.5 -0.35 0.1
0.5 -0.35 0.1
0.5 -0.35 0.1
0.5 -0.35 0.1
0.5 -0.35 0.1
0.5 -0.35 0.1
0.5 -0.35 0.1
0.5 -0.35 0.1
0.5 -0.35 0.1
0.5 -0.35 0.1
0.5 -0.35 0.1
0.5 -0.35 0.1
0.5 -0.35 0.1
0.5 -0.35 0.1
0.5 -0.35 0.1
0.5 -0.35 0.1
0.5 -0.35 0.1
0.5 -0.35 0.1
0.5 -0.35 0.1
0.5 -0.35 0.1
0.5 -0.35 0.1
0.5 -0.35 0.1
0.5 -0.35 0.1
0.5 -0.35 0.1
0.5 -0.35 0.1
0.5 -0.35 0.1
0.5 -0.35 0.1
0.5 -0.35 0.1
0.5 -0.35 0.1
0.5 -0.35 0.1
0.5 -0.35 0.1
0.5 -0.35 0.1
0.5 -0.35 0.1
0.5 -0.35 0.1
0.5 -0.35 0.1
0.5 -0.35 0.1
0.5 -0.35 0.1
0.5 -0.35 0.1
0.5 -0.35 0.1
0.5 -0.35 0.1
0.5 -0.35 0.1
0.5 -0.35 0.1
0.5 -0.35 0.1
0.5 -0.35 0.1
0.5 -0.35 0.1
0.5 -0.35 0.1
0.5 -0.35 0.1
0.5 -0.35 0.1
0.5 -0.35 0.1
0.5 -0.35 0.1
0.5 -0.35 0.1
0.5 -0.35 0.1
0.5 -0.35 0.1
0.5 -0.35 0.1
0.5 -0.35 0.1
0.5 -0.35 0.1
0.5 -0.35 0.1
0.5 -0.35 0.1
0.5 -0.35 0.1
0.5 -0.35 0.1
0.5 -0.35 0.1
0.5 -0.35 0.1
0.5 -0.35 0.1
0.5 -0.35 0.1
0.5 -0.35 0.1
0.5 -0.35 0.1
0.5 -0.35 0.1
0.5 -0.35 0.1
0.5 -0.35 0.1
0.5 -0.35 0.1
0.5 -0.35 0.1
0.5 -0.35 0.1
0.5 -0.35 0.1
0.5 -0.35 0.1
0.5 -0.35 0.1
0.5 -0.35 0.1
0.5 -0.35 0.1
0.5 -0.35 0.1
0.5 -0.35 0.1
0.5 -0.35 0.1
0.5 -0.35 0.1
0.5 -0.35 0.1
0.491356 -0.348492 0.103997
0.489546 -0.346447 0.105162
0.486049 -0.34029 0.107833
0.48436 -0.336178 0.109339
0.479415 -0.321774 0.114199
0.474229 -0.311505 0.118377
0.468922 -0.303303 0.122213
0.463856 -0.290966 0.126732
0.4606 -0.280674 0.130085
0.455414 -0.270405 0.134263
0.44866 -0.253956 0.140288
0.441664 -0.241642 0.145631
0.429119 -0.225263 0.154128
0.422123 -0.212949 0.15947
0.406564 -0.182141 0.172003
0.385576 -0.1452 0.188032
0.380511 -0.132864 0.19255
0.375324 -0.122594 0.196728
0.366761 -0.104101 0.203918
0.359765 -0.0917871 0.209261
0.351081 -0.0753611 0.21611
0.344206 -0.0609798 0.221793
0.3354 -0.0466214 0.228301
0.322734 -0.0323091 0.236458
0.311999 -0.0179738 0.24379
0.281359 0.0188523 0.263938
0.237449 0.0596524 0.290538
0.223094 0.078077 0.300201
0.204395 0.088185 0.310147
0.183887 0.100338 0.321259
0.169169 0.112559 0.329898
0.15421 0.120646 0.337855
0.129962 0.13482 0.350956
0.101974 0.151015 0.366046
0.0777253 0.16519 0.379147
0.062887 0.175344 0.387445
0.0368292 0.191562 0.401711
0.0142694 0.201624 0.413306
0.00317087 0.209757 0.419614
-0.0138397 0.215752 0.428055
-0.0195099 0.217751 0.430868
-0.0347111 0.221702 0.438143
-0.044242 0.223655 0.442605
-0.0558243 0.223517 0.447549
-0.0748862 0.227422 0.456473
-0.101911 0.227099 0.46801
-0.111563 0.226984 0.472131
-0.125076 0.226823 0.4779
-0.140519 0.226639 0.484493
-0.150171 0.226524 0.488613
-0.159944 0.224341 0.492393
-0.175387 0.224157 0.498986
-0.19276 0.22395 0.506403
-0.196621 0.223904 0.508051
-0.196621 0.223904 0.508051
-0.198551 0.223881 0.508875
-0.198551 0.223881 0.508875
-0.198551 0.223881 0.508875
-0.198551 0.223881 0.508875
-0.198551 0.223881 0.508875
-0.198551 0.223881 0.508875
-0.198551 0.223881 0.508875
-0.198551 0.223881 0.508875
-0.198551 0.223881 0.508875
-0.198551 0.223881 0.508875
-0.198551 0.223881 0.508875
-0.198551 0.223881 0.508875
-0.198551 0.223881 0.508875
-0.198551 0.223881 0.508875
-0.196621 0.223904 0.508051
-0.17394 0.215909 0.496797
-0.166461 0.211866 0.492819
-0.155362 0.203734 0.48651
-0.151864 0.197577 0.483838
-0.133407 0.183334 0.47321
-0.109159 0.169159 0.460109
-0.0962507 0.158982 0.452635
-0.0720024 0.144808 0.439534
-0.0496844 0.130611 0.427257
-0.035088 0.116322 0.418277
-0.00348096 0.0960368 0.400857
0.041034 0.0655748 0.375962
0.0576818 0.0533762 0.366499
0.0836186 0.0350897 0.351892
0.098215 0.0208005 0.342911
0.118603 0.00658026 0.331459
0.142609 -0.0117292 0.317676
0.164564 -0.0321293 0.304376
0.175542 -0.0423293 0.297726
0.195929 -0.0565495 0.286273
0.216075 -0.074905 0.274139
0.252747 -0.107527 0.2522
0.293402 -0.138035 0.228953
0.315599 -0.1543 0.216336
0.339363 -0.176744 0.20187
0.366989 -0.199143 0.185757
0.394856 -0.217406 0.170326
0.434063 -0.239667 0.149268
0.458191 -0.255909 0.135826
0.476527 -0.27222 0.124857
0.507166 -0.309046 0.104708
0.543476 -0.34787 0.0817454
0.601741 -0.407095 0.0454833
0.619472 -0.433744 0.0328085
0.622608 -0.446104 0.0291139
0.644684 -0.464436 0.0161551
0.664587 -0.486927 0.00333827
0.679063 -0.503284 -0.00598306
0.711512 -0.542155 -0.0272971
0.720438 -0.554445 -0.033464
0.734914 -0.570802 -0.0427853
0.736723 -0.572847 -0.0439505
0.738291 -0.579027 -0.0457977
0.753129 -0.589181 -0.0540959
0.762055 -0.601471 -0.0602628
0.762055 -0.601471 -0.0602628
0.761934 -0.603539 -0.0606038
0.763865 -0.603516 -0.061428
0.765795 -0.603493 -0.0622521
0.771707 -0.601356 -0.0643834
0.773879 -0.597198 -0.0645254
0.755422 -0.582955 -0.0538969
0.735155 -0.566667 -0.0421032
0.699325 -0.552631 -0.0240577
0.675923 -0.523983 -0.00856945
0.635032 -0.464551 0.0202757
0.615854 -0.429655 0.0351388
0.596675 -0.394758 0.0500019
0.586907 -0.363882 0.0600624
0.568213 -0.320715 0.0762897
0.54783 -0.273435 0.0940233
0.532634 -0.236425 0.107579
0.516711 -0.211821 0.119089
0.506218 -0.19335 0.127103
0.493794 -0.174903 0.135941
0.464722 -0.144256 0.154243
0.422379 -0.109636 0.178995
0.402112 -0.0933483 0.190789
0.383776 -0.0770374 0.201759
0.37111 -0.0627251 0.209915
0.351206 -0.0402343 0.222732
0.336731 -0.0238774 0.232053
0.331665 -0.0115407 0.236572
0.315259 0.0047932 0.246717
0.302714 0.0211731 0.255214
0.273159 0.0435488 0.272152
0.261581 0.0764698 0.283377
0.218996 0.106955 0.307448
0.177979 0.13126 0.329671
0.153973 0.149569 0.343454
0.146735 0.157748 0.348114
0.133585 0.16379 0.354906
0.120677 0.173967 0.36238
0.111388 0.180054 0.367524
0.100169 0.186119 0.373492
0.08714 0.194229 0.380625
0.0739902 0.20027 0.387417
0.039969 0.212262 0.404297
-0.00949518 0.224069 0.427771
-0.0248173 0.225952 0.434705
-0.0362786 0.227882 0.43999
-0.0517216 0.227698 0.446583
-0.0613735 0.227583 0.450704
-0.0766956 0.229466 0.457638
-0.0900873 0.231373 0.463748
-0.117113 0.23105 0.475285
-0.138226 0.232865 0.484692
-0.149687 0.234794 0.489977
-0.153548 0.234748 0.491626
-0.153548 0.234748 0.491626
-0.153548 0.234748 0.491626
-0.153548 0.234748 0.491626
-0.153548 0.234748 0.491626
-0.153548 0.234748 0.491626
-0.153548 0.234748 0.491626
-0.153548 0.234748 0.491626
-0.153548 0.234748 0.491626
-0.153548 0.234748 0.491626
-0.153548 0.234748 0.491626
-0.153548 0.234748 0.491626
-0.153548 0.234748 0.491626
-0.153548 0.234748 0.491626
-0.153548 0.234748 0.491626
-0.153548 0.234748 0.491626
-0.153548 0.234748 0.491626
-0.147878 0.23275 0.488812
-0.140519 0.226639 0.484493
-0.13497 0.222573 0.481338
-0.129783 0.212303 0.477161
-0.120857 0.200013 0.470994
-0.104693 0.179544 0.460166
-0.0908224 0.152849 0.44914
-0.082138 0.136423 0.442291
-0.075505 0.117906 0.435925
-0.0682672 0.109727 0.431264
-0.0553593 0.0995505 0.42379
-0.0461912 0.091395 0.418305
-0.040521 0.0893965 0.415492
-0.0271293 0.08749 0.409382
-0.00975586 0.0876972 0.401965
0.0171485 0.0859518 0.390086
0.0459832 0.0842295 0.377383
0.0783159 0.0763504 0.362009
0.0879678 0.0764655 0.357889
0.0918286 0.0765115 0.35624
0.0937589 0.0765345 0.355416
0.0937589 0.0765345 0.355416
0.0958103 0.0786252 0.354933
0.128148 0.103805 0.34584
0.161811 0.11867 0.334217
0.167602 0.118739 0.331745
0.169532 0.118762 0.330921
0.171463 0.118785 0.330097
0.173393 0.118808 0.329273
0.175081 0.114696 0.327767
0.181114 0.1189 0.325976
0.181114 0.1189 0.325976
0.183045 0.118923 0.325152
0.188715 0.116925 0.322339
0.198125 0.112904 0.317536
0.198125 0.112904 0.317536
0.198125 0.112904 0.317536
0.201865 0.110883 0.315547
0.205726 0.110929 0.313899
0.207535 0.108884 0.312733
0.209344 0.10684 0.311568
0.211275 0.106863 0.310744
0.211275 0.106863 0.310744
0.211275 0.106863 0.310744
0.211154 0.104795 0.310403
0.211154 0.104795 0.310403
0.211154 0.104795 0.310403
0.211154 0.104795 0.310403
0.211154 0.104795 0.310403
0.211154 0.104795 0.310403
0.211154 0.104795 0.310403
0.211154 0.104795 0.310403
0.211154 0.104795 0.310403
0.211154 0.104795 0.310403
0.211154 0.104795 0.310403
0.211154 0.104795 0.310403
0.211154 0.104795 0.310403
0.211154 0.104795 0.310403
0.211154 0.104795 0.310403
0.211154 0.104795 0.310403
0.211154 0.104795 0.310403
0.211154 0.104795 0.310403
0.211154 0.104795 0.310403
0.211154 0.104795 0.310403
0.211154 0.104795 0.310403
0.211154 0.104795 0.310403
0.211154 0.104795 0.310403
0.211154 0.104795 0.310403
0.211154 0.104795 0.310403
0.211154 0.104795 0.310403
0.211154 0.104795 0.310403
0.211154 0.104795 0.310403
0.211154 0.104795 0.310403
0.211154 0.104795 0.310403
0.211154 0.104795 0.310403
0.211154 0.104795 0.310403
0.211154 0.104795 0.310403
0.211154 0.104795 0.310403
0.211154 0.104795 0.310403
0.211154 0.104795 0.310403
0.211154 0.104795 0.310403
0.211154 0.104795 0.310403
0.211154 0.104795 0.310403
0.211154 0.104795 0.310403
0.211154 0.104795 0.310403
0.211154 0.104795 0.310403
0.211154 0.104795 0.310403
0.211154 0.104795 0.310403
0.211154 0.104795 0.310403
0.211154 0.104795 0.310403
0.211154 0.104795 0.310403
0.211154 0.104795 0.310403
0.211154 0.104795 0.310403
0.211154 0.104795 0.310403
0.211154 0.104795 0.310403
0.211154 0.104795 0.310403
0.211154 0.104795 0.310403
0.211154 0.104795 0.310403
0.211154 0.104795 0.310403
0.211154 0.104795 0.310403
0.211154 0.104795 0.310403
0.211154 0.104795 0.310403
0.211154 0.104795 0.310403
0.211154 0.104795 0.310403
0.211154 0.104795 0.310403
0.211154 0.104795 0.310403
0.211154 0.104795 0.310403
0.211154 0.104795 0.310403
0.211154 0.104795 0.310403
0.211154 0.104795 0.310403
0.211154 0.104795 0.310403
0.211154 0.104795 0.310403
0.211154 0.104795 0.310403
0.211154 0.104795 0.310403
0.211154 0.104795 0.310403
0.211154 0.104795 0.310403
0.211154 0.104795 0.310403
0.211154 0.104795 0.310403
0.211154 0.104795 0.310403
0.211154 0.104795 0.310403
0.211154 0.104795 0.310403
0.211154 0.104795 0.310403
0.211154 0.104795 0.310403
0.211154 0.104795 0.310403
0.211154 0.104795 0.310403
0.211154 0.104795 0.310403
0.211154 0.104795 0.310403
0.211154 0.104795 0.310403
0.211154 0.104795 0.310403
0.211154 0.104795 0.310403
0.211154 0.104795 0.310403
0.211154 0.104795 0.310403
0.211154 0.104795 0.310403
0.211154 0.104795 0.310403
0.211154 0.104795 0.310403
0.211154 0.104795 0.310403
0.211154 0.104795 0.310403
0.211154 0.104795 0.310403
0.211154 0.104795 0.310403
0.211154 0.104795 0.310403
0.211154 0.104795 0.310403
0.211154 0.104795 0.310403
0.211154 0.104795 0.310403
0.211154 0.104795 0.310403
0.211154 0.104795 0.310403
0.211154 0.104795 0.310403
0.211154 0.104795 0.310403
0.211154 0.104795 0.310403
0.211154 0.104795 0.310403
0.211154 0.104795 0.310403
0.211154 0.104795 0.310403
0.211154 0.104795 0.310403
0.211154 0.104795 0.310403
0.211154 0.104795 0.310403
0.211154 0.104795 0.310403
0.211154 0.104795 0.310403
0.211154 0.104795 0.310403
0.211154 0.104795 0.310403
0.211154 0.104795 0.310403
0.211154 0.104795 0.310403
0.211154 0.104795 0.310403
0.211154 0.104795 0.310403
0.211154 0.104795 0.310403
0.211154 0.104795 0.310403
0.211154 0.104795 0.310403
0.211154 0.104795 0.310403
0.211154 0.104795 0.310403
0.211154 0.104795 0.310403
0.211154 0.104795 0.310403
0.211154 0.104795 0.310403
0.211154 0.104795 0.310403
0.211154 0.104795 0.310403
0.211154 0.104795 0.310403
0.211154 0.104795 0.310403
0.211154 0.104795 0.310403
0.211154 0.104795 0.310403
0.211154 0.104795 0.310403
0.211154 0.104795 0.310403
0.211154 0.104795 0.310403
0.211154 0.104795 0.310403
0.211154 0.104795 0.310403
0.211154 0.104795 0.310403
0.211154 0.104795 0.310403
0.211154 0.104795 0.310403
0.211154 0.104795 0.310403
0.211154 0.104795 0.310403
0.211154 0.104795 0.310403
0.211154 0.104795 0.310403
0.211154 0.104795 0.310403
0.211154 0.104795 0.310403
0.211154 0.104795 0.310403
0.211154 0.104795 0.310403
0.211154 0.104795 0.310403
0.211154 0.104795 0.310403
0.211154 0.104795 0.310403
0.211154 0.104795 0.310403
0.211154 0.104795 0.310403
0.211154 0.104795 0.310403
0.211154 0.104795 0.310403
0.211154 0.104795 0.310403
0.211154 0.104795 0.310403
0.211154 0.104795 0.310403
0.211154 0.104795 0.310403
0.211154 0.104795 0.310403
0.211154 0.104795 0.310403
0.211154 0.104795 0.310403
0.211154 0.104795 0.310403
0.211154 0.104795 0.310403
0.211154 0.104795 0.310403
0.211154 0.104795 0.310403
0.211154 0.104795 0.310403
0.211154 0.104795 0.310403
0.211154 0.104795 0.310403
0.211154 0.104795 0.310403
0.211154 0.104795 0.310403
0.211154 0.104795 0.310403
0.211154 0.104795 0.310403
0.211154 0.104795 0.310403
0.211154 0.104795 0.310403
0.211154 0.104795 0.310403
0.211154 0.104795 0.310403
0.211154 0.104795 0.310403
0.211154 0.104795 0.310403
0.211154 0.104795 0.310403
0.211154 0.104795 0.310403
0.211154 0.104795 0.310403
0.211154 0.104795 0.310403
0.211154 0.104795 0.310403
0.211154 0.104795 0.310403
0.211154 0.104795 0.310403
0.211154 0.104795 0.310403
0.211154 0.104795 0.310403
0.211154 0.104795 0.310403
0.211154 0.104795 0.310403
0.211154 0.104795 0.310403
0.211154 0.104795 0.310403
0.211154 0.104795 0.310403
0.211154 0.104795 0.310403
0.211154 0.104795 0.310403
0.211154 0.104795 0.310403
0.211154 0.104795 0.310403
0.211154 0.104795 0.310403
0.211154 0.104795 0.310403
0.211154 0.104795 0.310403
0.211154 0.104795 0.310403
0.211154 0.104795 0.310403
0.211154 0.104795 0.310403
0.211154 0.104795 0.310403
0.211154 0.104795 0.310403
0.211154 0.104795 0.310403
0.211154 0.104795 0.310403
0.20492 0.0691122 0.310978
0.204555 0.0671288 0.311096
0.180639 0.0352946 0.394211
0.172618 0.0347675 0.429905
0.166661 0.0311104 0.453897
0.161959 0.0247053 0.470126
0.159203 0.0216939 0.48021
0.147487 0.0035067 0.51893
0.138004 -0.00495426 0.555093
0.130347 -0.0034979 0.59067
0.12196 -0.00600847 0.626482
0.118355 -0.00646312 0.642359
0.111183 -0.009547 0.672261
0.109602 -0.0109572 0.678288
0.102391 -0.0118665 0.710043
0.0983402 -0.00995545 0.729743
0.0975301 -0.00957325 0.733683
0.0975301 -0.00957325 0.733683
0.0975301 -0.00957325 0.733683
0.0979351 -0.00976435 0.731713
0.101136 -0.00911859 0.717805
0.110333 -0.00699023 0.678054
0.113899 -0.00436101 0.664029
0.115924 -0.00531652 0.654179
0.119975 -0.00722753 0.634479
0.129498 -0.000941132 0.596463
0.13667 0.00214274 0.566562
0.141046 0.00438976 0.548597
0.147408 0.00785583 0.522635
0.152634 0.00754608 0.498878
0.1562 0.0101753 0.484854
0.16106 0.00788209 0.461214
0.165476 0.00795454 0.441397
0.170337 0.00566132 0.417757
0.175602 0.00317701 0.392147
0.181678 0.000310486 0.362597
0.187753 -0.00255603 0.333047
0.195854 -0.00637806 0.293647
0.200309 -0.00848017 0.271977
0.203915 -0.00802552 0.2561
0.211127 -0.00711621 0.224346
0.213557 -0.00826282 0.212526
0.216758 -0.00761707 0.198619
0.220768 -0.00735351 0.180772
0.224374 -0.00689886 0.164894
0.22798 -0.00644421 0.149017
0.231546 -0.00381499 0.134993
0.238313 -0.000540012 0.107061
0.249051 0.00517308 0.0631349
0.252252 0.00581884 0.0492277
0.256183 0.0104315 0.0350859
0.26218 0.0119141 0.00924151
0.268137 0.0155713 -0.0147502
0.271742 0.016026 -0.0306274
0.27604 0.0226221 -0.0448864
0.283577 0.0276894 -0.0749053
0.291154 0.0305822 -0.106777
0.29476 0.0310369 -0.122654
0.303957 0.0331652 -0.162406
0.314043 0.0305623 -0.209803
0.318499 0.0284602 -0.231473
0.322509 0.0287237 -0.24932
0.32656 0.0268127 -0.26902
0.333406 0.0257385 -0.300657
0.337861 0.0236364 -0.322327
0.341507 0.0219165 -0.340057
0.345557 0.0200055 -0.359757
0.350052 0.0157288 -0.383279
0.353332 0.0120254 -0.400892
0.359487 0.0048098 -0.434147
0.36576 -0.00892955 -0.472961
0.368388 -0.020949 -0.494044
0.370206 -0.0325862 -0.511188
0.371096 -0.0373176 -0.518833
0.371619 -0.0440324 -0.526361
0.372548 -0.0509383 -0.53586
0.373556 -0.0621933 -0.549063
0.375414 -0.0760051 -0.568059
0.377153 -0.0832932 -0.581498
0.378082 -0.0901991 -0.590996
0.384188 -0.116795 -0.638956
0.389365 -0.136484 -0.677417
0.389404 -0.138659 -0.67927
0.389809 -0.13885 -0.68124
0.389809 -0.13885 -0.68124
0.389809 -0.13885 -0.68124
0.389809 -0.13885 -0.68124
0.389809 -0.13885 -0.68124
0.390619 -0.139232 -0.68518
0.391025 -0.139423 -0.68715
0.391025 -0.139423 -0.68715
0.391025 -0.139423 -0.68715
0.391025 -0.139423 -0.68715
0.388603 -0.116722 -0.658773
0.38233 -0.102983 -0.619959
0.377677 -0.090008 -0.589026
0.371927 -0.0829834 -0.55774
0.367758 -0.0745487 -0.532482
0.355932 -0.0646577 -0.471647
0.345401 -0.059689 -0.420427
0.337587 -0.0495344 -0.377439
0.326246 -0.0441836 -0.32228
0.311951 -0.0309713 -0.247772
0.294534 -0.022754 -0.163062
0.286028 -0.0187408 -0.121692
0.280358 -0.0160654 -0.0941126
0.273067 -0.0126256 -0.0586527
0.261726 -0.00727476 -0.003493
0.254475 -0.0060095 0.0301141
0.243618 -0.00519889 0.0795984
0.233611 -0.00694506 0.12329
0.229561 -0.00503405 0.14299
0.22389 -0.00235863 0.17057
0.208578 0.000554092 0.241724
0.192455 0.00384901 0.316818
0.189215 0.00537782 0.332578
0.183989 0.00568757 0.356335
0.178111 -0.00231873 0.376622
0.174061 -0.000407721 0.396321
0.16604 -0.000934826 0.432016
0.160853 -0.00279964 0.45392
0.155262 -0.00447335 0.477795
0.146914 -0.00915849 0.511754
0.138606 -0.0160182 0.54386
0.123166 -0.0281363 0.604015
0.107202 -0.0335397 0.671698
0.0968296 -0.0372693 0.715507
0.0896973 -0.0425277 0.743556
0.0841059 -0.0442015 0.76743
0.0813102 -0.0450383 0.779368
0.0749088 -0.0463298 0.807182
0.0653462 -0.0504416 0.847051
0.0641311 -0.0498683 0.852961
0.062916 -0.049295 0.858871
0.0617009 -0.0487217 0.864781
0.0608908 -0.0483395 0.868721
0.0600411 -0.0457828 0.874514
0.0600411 -0.0457828 0.874514
0.0600015 -0.0436082 0.876366
0.0595965 -0.0434171 0.878336
0.0603274 -0.0394502 0.878102
0.0759747 -0.0166503 0.82524
0.0928768 0.00340169 0.764616
0.0983889 0.00942454 0.744447
0.104267 0.0174308 0.724161
0.110875 0.0294041 0.70364
0.125673 0.0547607 0.656571
0.140836 0.0821008 0.609385
0.149756 0.0994511 0.582602
0.159486 0.116419 0.55188
0.170066 0.130831 0.515365
0.175538 0.139028 0.497048
0.186928 0.153057 0.456593
0.197992 0.162928 0.414402
0.203504 0.168951 0.394233
0.221701 0.184081 0.323994
0.239532 0.197227 0.253871
0.259308 0.213767 0.177605
0.274423 0.221727 0.115714
0.282 0.224619 0.0838423
0.291967 0.22854 0.0420034
0.300434 0.226702 0.00248634
0.308416 0.229403 -0.0313553
0.317692 0.227182 -0.0748124
0.328549 0.226372 -0.124297
0.341836 0.224415 -0.185601
0.349087 0.223149 -0.219208
0.353908 0.223031 -0.240995
0.366424 0.219281 -0.300212
0.376876 0.218662 -0.347727
0.382507 0.218161 -0.373454
0.387773 0.215677 -0.399064
0.392228 0.213574 -0.420733
0.394658 0.212428 -0.432553
0.396279 0.211663 -0.440433
0.396279 0.211663 -0.440433
0.396684 0.211472 -0.442403
0.396684 0.211472 -0.442403
0.396684 0.211472 -0.442403
0.396684 0.211472 -0.442403
0.396684 0.211472 -0.442403
0.396684 0.211472 -0.442403
0.396684 0.211472 -0.442403
0.396684 0.211472 -0.442403
0.396684 0.211472 -0.442403
0.396684 0.211472 -0.442403
0.396684 0.211472 -0.442403
0.396684 0.211472 -0.442403
0.396684 0.211472 -0.442403
0.396684 0.211472 -0.442403
0.396684 0.211472 -0.442403
0.396684 0.211472 -0.442403
0.396684 0.211472 -0.442403
0.396684 0.211472 -0.442403
0.396684 0.211472 -0.442403
0.396684 0.211472 -0.442403
0.396684 0.211472 -0.442403
0.396684 0.211472 -0.442403
0.396684 0.211472 -0.442403
0.396684 0.211472 -0.442403
0.396684 0.211472 -0.442403
0.396684 0.211472 -0.442403
0.396684 0.211472 -0.442403
0.396684 0.211472 -0.442403
0.396684 0.211472 -0.442403
0.396684 0.211472 -0.442403
0.396684 0.211472 -0.442403
0.396684 0.211472 -0.442403
0.396684 0.211472 -0.442403
0.396684 0.211472 -0.442403
0.396684 0.211472 -0.442403
0.396684 0.211472 -0.442403
0.396684 0.211472 -0.442403
0.396684 0.211472 -0.442403
0.396684 0.211472 -0.442403
0.396684 0.211472 -0.442403

