-0.5 0.3 -0.1
-0.5 0.3 -0.1
-0.5 0.3 -0.1
-0.5 0.3 -0.1
-0.5 0.3 -0.1
-0.5 0.3 -0.1
-0.5 0.3 -0.1
-0.5 0.3 -0.1
-0.5 0.3 -0.1
-0.5 0.3 -0.1
-0.5 0.3 -0.1
-0.5 0.3 -0.1
-0.5 0.3 -0.1
-0.5 0.3 -0.1
-0.498795 0.303156 -0.0999175
-0.498795 0.303156 -0.0999175
-0.499232 0.295675 -0.101151
-0.498361 0.286715 -0.103228
-0.498536 0.283723 -0.103722
-0.498711 0.280731 -0.104215
-0.498973 0.276243 -0.104956
-0.499148 0.273251 -0.105449
-0.499411 0.268762 -0.10619
-0.502467 0.264241 -0.105737
-0.502992 0.255264 -0.107218
-0.503867 0.240303 -0.109686
-0.506051 0.226822 -0.11131
-0.506401 0.220838 -0.112298
-0.506839 0.213357 -0.113531
-0.507102 0.208869 -0.114272
-0.507539 0.201389 -0.115506
-0.507802 0.1969 -0.116246
-0.508064 0.192412 -0.116986
-0.508327 0.187924 -0.117727
-0.508677 0.18194 -0.118714
-0.509202 0.172963 -0.120194
-0.509902 0.160994 -0.122168
-0.510252 0.15501 -0.123156
-0.510602 0.149026 -0.124143
-0.510952 0.143041 -0.12513
-0.511477 0.134065 -0.12661
-0.511827 0.128081 -0.127598
-0.51209 0.123592 -0.128338
-0.51244 0.117608 -0.129325
-0.512965 0.108631 -0.130806
-0.513227 0.104143 -0.131546
-0.513752 0.0951667 -0.133027
-0.514365 0.0846941 -0.134754
-0.514977 0.0742215 -0.136481
-0.515503 0.065245 -0.137962
-0.515853 0.0592607 -0.138949
-0.516378 0.0502842 -0.14043
-0.518474 0.0382989 -0.141808
-0.520484 0.0278096 -0.142939
-0.514463 0.011436 -0.148635
-0.509138 0.00701437 -0.15176
-0.508354 -0.00344156 -0.154084
-0.506348 -0.016873 -0.157498
-0.505826 -0.0318172 -0.160562
-0.506614 -0.0452819 -0.162783
-0.506092 -0.0602261 -0.165847
-0.506705 -0.0706987 -0.167574
-0.506967 -0.0751869 -0.168315
-0.507492 -0.0841634 -0.169795
-0.507755 -0.0886517 -0.170536
-0.508105 -0.094636 -0.171523
-0.507058 -0.100604 -0.173106
-0.507496 -0.108084 -0.17434
-0.507933 -0.115565 -0.175574
-0.506015 -0.130492 -0.179234
-0.504968 -0.13646 -0.180818
-0.505318 -0.142444 -0.181805
-0.505756 -0.149924 -0.183039
-0.506281 -0.158901 -0.184519
-0.505234 -0.164869 -0.186103
-0.5041 -0.16934 -0.187439
-0.502966 -0.173812 -0.188776
-0.502094 -0.182772 -0.190853
-0.501047 -0.188739 -0.192436
-0.5 -0.194707 -0.19402
-0.49232 -0.206576 -0.199572
-0.492582 -0.211064 -0.200312
-0.492148 -0.227504 -0.203623
-0.488049 -0.252871 -0.210203
-0.48264 -0.279717 -0.217627
-0.475397 -0.299066 -0.224413
-0.472604 -0.299033 -0.225605
-0.472691 -0.300529 -0.225852
-0.472866 -0.303521 -0.226346
-0.473216 -0.309506 -0.227333
-0.469467 -0.340857 -0.2349
-0.460652 -0.357197 -0.241789
-0.460827 -0.360189 -0.242282
-0.460915 -0.361685 -0.242529
-0.46109 -0.364678 -0.243023
-0.45978 -0.366157 -0.243866
-0.458821 -0.373621 -0.245696
-0.457687 -0.378092 -0.247033
-0.456378 -0.379572 -0.247876
-0.455069 -0.381051 -0.248719
-0.45245 -0.38401 -0.250405
-0.451228 -0.386986 -0.251495
-0.448522 -0.388448 -0.252934
-0.447213 -0.389928 -0.253777
-0.445904 -0.391407 -0.25462
-0.445904 -0.391407 -0.25462
-0.445904 -0.391407 -0.25462
-0.445904 -0.391407 -0.25462
-0.445904 -0.391407 -0.25462
-0.445904 -0.391407 -0.25462
-0.445904 -0.391407 -0.25462
-0.445904 -0.391407 -0.25462
-0.445904 -0.391407 -0.25462
-0.443982 -0.382414 -0.253736
-0.450353 -0.372025 -0.249027
-0.452884 -0.36757 -0.247094
-0.45524 -0.360123 -0.244668
-0.457509 -0.351179 -0.241994
-0.460911 -0.337765 -0.237984
-0.461871 -0.330301 -0.236154
-0.466845 -0.319895 -0.232042
-0.466407 -0.312415 -0.230808
-0.466232 -0.309422 -0.230314
-0.466929 -0.29747 -0.227744
-0.46841 -0.275062 -0.222849
-0.472075 -0.266136 -0.21958
-0.474256 -0.255697 -0.21666
-0.474778 -0.240752 -0.213596
-0.476959 -0.230313 -0.210676
-0.480449 -0.218395 -0.206913
-0.482718 -0.209451 -0.204239
-0.487955 -0.203534 -0.200867
-0.493017 -0.194624 -0.197001
-0.494935 -0.179696 -0.193341
-0.496853 -0.164769 -0.18968
-0.498422 -0.143857 -0.185033
-0.499206 -0.133401 -0.182709
-0.500165 -0.125937 -0.180879
-0.5013 -0.121466 -0.179542
-0.5013 -0.121466 -0.179542
-0.5013 -0.121466 -0.179542
-0.5013 -0.121466 -0.179542
-0.5013 -0.121466 -0.179542
-0.5013 -0.121466 -0.179542
-0.5013 -0.121466 -0.179542
-0.5013 -0.121466 -0.179542
-0.5013 -0.121466 -0.179542
-0.5013 -0.121466 -0.179542
-0.5013 -0.121466 -0.179542
-0.501387 -0.122962 -0.179789
-0.502871 -0.124474 -0.17944
-0.500428 -0.130425 -0.181619
-0.498334 -0.142361 -0.184786
-0.495019 -0.157272 -0.189043
-0.492663 -0.164719 -0.191469
-0.490745 -0.179646 -0.19513
-0.485686 -0.212477 -0.20354
-0.477834 -0.245274 -0.213143
-0.475653 -0.255713 -0.216064
-0.472688 -0.276609 -0.221307
-0.465445 -0.295958 -0.228093
-0.462217 -0.312365 -0.232597
-0.455933 -0.32425 -0.237552
-0.452706 -0.340657 -0.242056
-0.449128 -0.35108 -0.245572
-0.446772 -0.358527 -0.247999
-0.441885 -0.370429 -0.252358
-0.43307 -0.386769 -0.259247
-0.425652 -0.403126 -0.265539
-0.421812 -0.40906 -0.268315
-0.420678 -0.413532 -0.269652
-0.419456 -0.416507 -0.270742
-0.4171 -0.423955 -0.273168
-0.415878 -0.42693 -0.274258
-0.413347 -0.431385 -0.276191
-0.412213 -0.435857 -0.277528
-0.412388 -0.438849 -0.278021
-0.412388 -0.438849 -0.278021
-0.412388 -0.438849 -0.278021
-0.409595 -0.438815 -0.279214
-0.409595 -0.438815 -0.279214
-0.409595 -0.438815 -0.279214
-0.409595 -0.438815 -0.279214
-0.409595 -0.438815 -0.279214
-0.409595 -0.438815 -0.279214
-0.409595 -0.438815 -0.279214
-0.409595 -0.438815 -0.279214
-0.410991 -0.438832 -0.278617
-0.410991 -0.438832 -0.278617
-0.410991 -0.438832 -0.278617
-0.410991 -0.438832 -0.278617
-0.410991 -0.438832 -0.278617
-0.410991 -0.438832 -0.278617
-0.410991 -0.438832 -0.278617
-0.410991 -0.438832 -0.278617
-0.410991 -0.438832 -0.278617
-0.410991 -0.438832 -0.278617
-0.410991 -0.438832 -0.278617
-0.410991 -0.438832 -0.278617
-0.410991 -0.438832 -0.278617
-0.410991 -0.438832 -0.278617
-0.410991 -0.438832 -0.278617
-0.410991 -0.438832 -0.278617
-0.410991 -0.438832 -0.278617
-0.410991 -0.438832 -0.278617
-0.410991 -0.438832 -0.278617
-0.410991 -0.438832 -0.278617
-0.410991 -0.438832 -0.278617
-0.410991 -0.438832 -0.278617
-0.410991 -0.438832 -0.278617
-0.410991 -0.438832 -0.278617
-0.410991 -0.438832 -0.278617
-0.410991 -0.438832 -0.278617
-0.410991 -0.438832 -0.278617
-0.410991 -0.438832 -0.278617
-0.410991 -0.438832 -0.278617
-0.410991 -0.438832 -0.278617
-0.410991 -0.438832 -0.278617
-0.410991 -0.438832 -0.278617
-0.410991 -0.438832 -0.278617
-0.410991 -0.438832 -0.278617
-0.410991 -0.438832 -0.278617
-0.410991 -0.438832 -0.278617
-0.410991 -0.438832 -0.278617
-0.410991 -0.438832 -0.278617
-0.410991 -0.438832 -0.278617
-0.410991 -0.438832 -0.278617
-0.410991 -0.438832 -0.278617
-0.410991 -0.438832 -0.278617
-0.410991 -0.438832 -0.278617
-0.410991 -0.438832 -0.278617
-0.410991 -0.438832 -0.278617
-0.410991 -0.438832 -0.278617
-0.410991 -0.438832 -0.278617
-0.410991 -0.438832 -0.278617
-0.410991 -0.438832 -0.278617
-0.410991 -0.438832 -0.278617
-0.410991 -0.438832 -0.278617
-0.410991 -0.438832 -0.278617
-0.410991 -0.438832 -0.278617
-0.410991 -0.438832 -0.278617
-0.410991 -0.438832 -0.278617
-0.410991 -0.438832 -0.278617
-0.410991 -0.438832 -0.278617
-0.410991 -0.438832 -0.278617
-0.410991 -0.438832 -0.278617
-0.410991 -0.438832 -0.278617
-0.410991 -0.438832 -0.278617
-0.410991 -0.438832 -0.278617
-0.410991 -0.438832 -0.278617
-0.410991 -0.438832 -0.278617
-0.410991 -0.438832 -0.278617
-0.410991 -0.438832 -0.278617
-0.410991 -0.438832 -0.278617
-0.410991 -0.438832 -0.278617
-0.410991 -0.438832 -0.278617
-0.410991 -0.438832 -0.278617
-0.410991 -0.438832 -0.278617
-0.410991 -0.438832 -0.278617
-0.410991 -0.438832 -0.278617
-0.410991 -0.438832 -0.278617
-0.410991 -0.438832 -0.278617
-0.410991 -0.438832 -0.278617
-0.410991 -0.438832 -0.278617
-0.410991 -0.438832 -0.278617
-0.410991 -0.438832 -0.278617
-0.410991 -0.438832 -0.278617
-0.410991 -0.438832 -0.278617
-0.410991 -0.438832 -0.278617
-0.410991 -0.438832 -0.278617
-0.410991 -0.438832 -0.278617
-0.410991 -0.438832 -0.278617
-0.410991 -0.438832 -0.278617
-0.410991 -0.438832 -0.278617
-0.410991 -0.438832 -0.278617
-0.410991 -0.438832 -0.278617
-0.410991 -0.438832 -0.278617
-0.410991 -0.438832 -0.278617
-0.410991 -0.438832 -0.278617
-0.410991 -0.438832 -0.278617
-0.410991 -0.438832 -0.278617
-0.410991 -0.438832 -0.278617
-0.410991 -0.438832 -0.278617
-0.410991 -0.438832 -0.278617
-0.410991 -0.438832 -0.278617
-0.410991 -0.438832 -0.278617
-0.410991 -0.438832 -0.278617
-0.410991 -0.438832 -0.278617
-0.410991 -0.438832 -0.278617
-0.410991 -0.438832 -0.278617
-0.410991 -0.438832 -0.278617
-0.410991 -0.438832 -0.278617
-0.410991 -0.438832 -0.278617
-0.410991 -0.438832 -0.278617
-0.410991 -0.438832 -0.278617
-0.410991 -0.438832 -0.278617
-0.410991 -0.438832 -0.278617
-0.410991 -0.438832 -0.278617
-0.410991 -0.438832 -0.278617
-0.410991 -0.438832 -0.278617
-0.410991 -0.438832 -0.278617
-0.410991 -0.438832 -0.278617
-0.410991 -0.438832 -0.278617
-0.410991 -0.438832 -0.278617
-0.410991 -0.438832 -0.278617
-0.410991 -0.438832 -0.278617
-0.410991 -0.438832 -0.278617
-0.410991 -0.438832 -0.278617
-0.410991 -0.438832 -0.278617
-0.410991 -0.438832 -0.278617
-0.410991 -0.438832 -0.278617
-0.410991 -0.438832 -0.278617
-0.410991 -0.438832 -0.278617
-0.410991 -0.438832 -0.278617
-0.410991 -0.438832 -0.278617
-0.410991 -0.438832 -0.278617
-0.410991 -0.438832 -0.278617
-0.410991 -0.438832 -0.278617
-0.410991 -0.438832 -0.278617
-0.410991 -0.438832 -0.278617
-0.410991 -0.438832 -0.278617
-0.410991 -0.438832 -0.278617
-0.410991 -0.438832 -0.278617
-0.410991 -0.438832 -0.278617
-0.410991 -0.438832 -0.278617
-0.410991 -0.438832 -0.278617
-0.410991 -0.438832 -0.278617
-0.410991 -0.438832 -0.278617
-0.410991 -0.438832 -0.278617
-0.410991 -0.438832 -0.278617
-0.410991 -0.438832 -0.278617
-0.410991 -0.438832 -0.278617
-0.410991 -0.438832 -0.278617
-0.410991 -0.438832 -0.278617
-0.410991 -0.438832 -0.278617
-0.410991 -0.438832 -0.278617
-0.410991 -0.438832 -0.278617
-0.410991 -0.438832 -0.278617
-0.410991 -0.438832 -0.278617
-0.410991 -0.438832 -0.278617
-0.410991 -0.438832 -0.278617
-0.410991 -0.438832 -0.278617
-0.410991 -0.438832 -0.278617
-0.410991 -0.438832 -0.278617
-0.410991 -0.438832 -0.278617
-0.410991 -0.438832 -0.278617
-0.410991 -0.438832 -0.278617
-0.410991 -0.438832 -0.278617
-0.410991 -0.438832 -0.278617
-0.410991 -0.438832 -0.278617
-0.410991 -0.438832 -0.278617
-0.410991 -0.438832 -0.278617
-0.410991 -0.438832 -0.278617
-0.410991 -0.438832 -0.278617
-0.410991 -0.438832 -0.278617
-0.410991 -0.438832 -0.278617
-0.410991 -0.438832 -0.278617
-0.410991 -0.438832 -0.278617
-0.410991 -0.438832 -0.278617
-0.410991 -0.438832 -0.278617
-0.410991 -0.438832 -0.278617
-0.410991 -0.438832 -0.278617
-0.410991 -0.438832 -0.278617
-0.410991 -0.438832 -0.278617
-0.410991 -0.438832 -0.278617
-0.410991 -0.438832 -0.278617
-0.410991 -0.438832 -0.278617
-0.410991 -0.438832 -0.278617
-0.410991 -0.438832 -0.278617
-0.410991 -0.438832 -0.278617
-0.410991 -0.438832 -0.278617
-0.410991 -0.438832 -0.278617
-0.410991 -0.438832 -0.278617
-0.410991 -0.438832 -0.278617
-0.410991 -0.438832 -0.278617
-0.410991 -0.438832 -0.278617
-0.410991 -0.438832 -0.278617
-0.410991 -0.438832 -0.278617
-0.410991 -0.438832 -0.278617
-0.410991 -0.438832 -0.278617
-0.410991 -0.438832 -0.278617
-0.410991 -0.438832 -0.278617
-0.410991 -0.438832 -0.278617
-0.410991 -0.438832 -0.278617
-0.410991 -0.438832 -0.278617
-0.410991 -0.438832 -0.278617
-0.410991 -0.438832 -0.278617
-0.410991 -0.438832 -0.278617
-0.410991 -0.438832 -0.278617
-0.410991 -0.438832 -0.278617
-0.410991 -0.438832 -0.278617
-0.410991 -0.438832 -0.278617
-0.410991 -0.438832 -0.278617
-0.410991 -0.438832 -0.278617
-0.410991 -0.438832 -0.278617
-0.410991 -0.438832 -0.278617
-0.410991 -0.438832 -0.278617
-0.410991 -0.438832 -0.278617
-0.410991 -0.438832 -0.278617
-0.410991 -0.438832 -0.278617
-0.410991 -0.438832 -0.278617
-0.410991 -0.438832 -0.278617
-0.410991 -0.438832 -0.278617
-0.410991 -0.438832 -0.278617
-0.410991 -0.438832 -0.278617
-0.410991 -0.438832 -0.278617
-0.410991 -0.438832 -0.278617
-0.410991 -0.438832 -0.278617
-0.410991 -0.438832 -0.278617
-0.410991 -0.438832 -0.278617
-0.410991 -0.438832 -0.278617
-0.410991 -0.438832 -0.278617
-0.410991 -0.438832 -0.278617
-0.410991 -0.438832 -0.278617
-0.410991 -0.438832 -0.278617
-0.410991 -0.438832 -0.278617
-0.410991 -0.438832 -0.278617
-0.410991 -0.438832 -0.278617
-0.410991 -0.438832 -0.278617
-0.410991 -0.438832 -0.278617
-0.410991 -0.438832 -0.278617
-0.410991 -0.438832 -0.278617
-0.410991 -0.438832 -0.278617
-0.410991 -0.438832 -0.278617
-0.410991 -0.438832 -0.278617
-0.410991 -0.438832 -0.278617
-0.410991 -0.438832 -0.278617
-0.410991 -0.438832 -0.278617
-0.410991 -0.438832 -0.278617
-0.410991 -0.438832 -0.278617
-0.410991 -0.438832 -0.278617
-0.410991 -0.438832 -0.278617
-0.410991 -0.438832 -0.278617
-0.410991 -0.438832 -0.278617
-0.410991 -0.438832 -0.278617
-0.410991 -0.438832 -0.278617
-0.410991 -0.438832 -0.278617
-0.410991 -0.438832 -0.278617
-0.410991 -0.438832 -0.278617
-0.410991 -0.438832 -0.278617
-0.410991 -0.438832 -0.278617
-0.410991 -0.438832 -0.278617
-0.410991 -0.438832 -0.278617
-0.410991 -0.438832 -0.278617
-0.410991 -0.438832 -0.278617
-0.410991 -0.438832 -0.278617
-0.410991 -0.438832 -0.278617
-0.410991 -0.438832 -0.278617
-0.410991 -0.438832 -0.278617
-0.410991 -0.438832 -0.278617
-0.410991 -0.438832 -0.278617
-0.410991 -0.438832 -0.278617
-0.410991 -0.438832 -0.278617
-0.410991 -0.438832 -0.278617
-0.410991 -0.438832 -0.278617
-0.410991 -0.438832 -0.278617
-0.410991 -0.438832 -0.278617
-0.410991 -0.438832 -0.278617
-0.410991 -0.438832 -0.278617
-0.410991 -0.438832 -0.278617
-0.410991 -0.438832 -0.278617
-0.410991 -0.438832 -0.278617
-0.410991 -0.438832 -0.278617
-0.410991 -0.438832 -0.278617
-0.410991 -0.438832 -0.278617
-0.410991 -0.438832 -0.278617
-0.410991 -0.438832 -0.278617
-0.410991 -0.438832 -0.278617
-0.410991 -0.438832 -0.278617
-0.410991 -0.438832 -0.278617
-0.410991 -0.438832 -0.278617
-0.410991 -0.438832 -0.278617
-0.410991 -0.438832 -0.278617
-0.410991 -0.438832 -0.278617
-0.410991 -0.438832 -0.278617
-0.410991 -0.438832 -0.278617
-0.410991 -0.438832 -0.278617
-0.410991 -0.438832 -0.278617
-0.410991 -0.438832 -0.278617
-0.410991 -0.438832 -0.278617
-0.438052 -0.424204 -0.264224
-0.437001 -0.406251 -0.261262
-0.437436 -0.389811 -0.257951
-0.436473 -0.373354 -0.255237
-0.438216 -0.355435 -0.251083
-0.439697 -0.333027 -0.246189
-0.445803 -0.294228 -0.236195
-0.45182 -0.253934 -0.225954
-0.457667 -0.234568 -0.219764
-0.463513 -0.215202 -0.213575
-0.46639 -0.192811 -0.208084
-0.472149 -0.171949 -0.201648
-0.476774 -0.155559 -0.196548
-0.479826 -0.13616 -0.191551
-0.48576 -0.11829 -0.185608
-0.486282 -0.103346 -0.182544
-0.489597 -0.0884351 -0.178288
-0.492475 -0.0660439 -0.172797
-0.494043 -0.045132 -0.16815
-0.49343 -0.0346594 -0.166422
-0.495349 -0.0197319 -0.162762
-0.496133 -0.00927597 -0.160438
-0.498314 0.0011633 -0.157518
-0.501804 0.013082 -0.153755
-0.505469 0.0220085 -0.150485
-0.510094 0.0383988 -0.145386
-0.510878 0.0488547 -0.143062
-0.513931 0.0682538 -0.138065
-0.516112 0.0786931 -0.135145
-0.516283 0.0996216 -0.131094
-0.51698 0.111574 -0.128523
-0.517677 0.123526 -0.125953
-0.518373 0.135478 -0.123382
-0.517673 0.147446 -0.121408
-0.516973 0.159415 -0.119434
-0.51767 0.171367 -0.116863
-0.517057 0.18184 -0.115136
-0.516095 0.198297 -0.112421
-0.513735 0.21477 -0.110303
-0.512248 0.240204 -0.106108
-0.491464 0.285303 -0.106457
-0.486661 0.295825 -0.106518
-0.480637 0.303372 -0.10767
-0.476096 0.309406 -0.108471
-0.471469 0.316937 -0.109026
-0.466928 0.322971 -0.109828
-0.462475 0.327509 -0.110877
-0.45776 0.336536 -0.111185
-0.448679 0.348605 -0.112789
-0.441258 0.356168 -0.114536
-0.423447 0.374321 -0.118731
-0.41131 0.390911 -0.120787
-0.402229 0.40298 -0.12239
-0.393236 0.413552 -0.124241
-0.390267 0.416578 -0.12494
-0.388608 0.421083 -0.124796
-0.382671 0.427134 -0.126194
-0.378218 0.431672 -0.127243
-0.373678 0.437706 -0.128044
-0.3687 0.451221 -0.127612
-0.352898 0.458885 -0.132938
-0.340936 0.472483 -0.135487
-0.32295 0.493628 -0.139188
-0.315528 0.501192 -0.140936
-0.305051 0.513277 -0.143136
-0.29763 0.52084 -0.144883
-0.293002 0.528371 -0.145438
-0.286977 0.535918 -0.14659
-0.278159 0.543498 -0.148934
-0.272134 0.551045 -0.150085
-0.263404 0.55713 -0.152676
-0.257467 0.563181 -0.154074
-0.248736 0.569265 -0.156665
-0.23983 0.578341 -0.158762
-0.238258 0.58135 -0.158865
-0.233806 0.585888 -0.159913
-0.229265 0.591923 -0.160715
-0.224725 0.597957 -0.161517
-0.217303 0.605521 -0.163265
-0.208398 0.614597 -0.165362
-0.195214 0.62522 -0.169001
-0.186571 0.629808 -0.171839
-0.182381 0.629858 -0.173628
-0.176794 0.629924 -0.176013
-0.172603 0.629974 -0.177802
-0.16981 0.630008 -0.178994
-0.167016 0.630041 -0.180187
-0.16562 0.630058 -0.180783
-0.158636 0.630141 -0.183765
-0.155842 0.630174 -0.184957
-0.154445 0.630191 -0.185554
-0.151652 0.630224 -0.186746
-0.148946 0.628762 -0.188186
-0.145281 0.619835 -0.191455
-0.144146 0.615363 -0.192792
-0.143625 0.600419 -0.195856
-0.141269 0.592972 -0.198282
-0.137691 0.58255 -0.201799
-0.136819 0.57359 -0.203876
-0.133417 0.560175 -0.207886
-0.134817 0.536238 -0.211834
-0.134383 0.519797 -0.215145
-0.132114 0.510854 -0.217818
-0.132727 0.500382 -0.219546
-0.13168 0.494414 -0.221129
-0.129674 0.480982 -0.224543
-0.12889 0.470526 -0.226866
-0.127668 0.467551 -0.227956
-0.126446 0.464575 -0.229046
-0.126446 0.464575 -0.229046
-0.125137 0.463096 -0.229889
-0.125137 0.463096 -0.229889
-0.125137 0.463096 -0.229889
-0.125225 0.4616 -0.230136
-0.125225 0.4616 -0.230136
-0.125225 0.4616 -0.230136
-0.125225 0.4616 -0.230136
-0.125225 0.4616 -0.230136
-0.125225 0.4616 -0.230136
-0.125225 0.4616 -0.230136
-0.125225 0.4616 -0.230136
-0.125225 0.4616 -0.230136
-0.125225 0.4616 -0.230136
-0.125225 0.4616 -0.230136
-0.125225 0.4616 -0.230136
-0.125225 0.4616 -0.230136
-0.125225 0.4616 -0.230136
-0.125225 0.4616 -0.230136
-0.125225 0.4616 -0.230136
-0.125225 0.4616 -0.230136
-0.125225 0.4616 -0.230136
-0.125225 0.4616 -0.230136
-0.125225 0.4616 -0.230136
-0.125225 0.4616 -0.230136
-0.125225 0.4616 -0.230136
-0.125225 0.4616 -0.230136
-0.125225 0.4616 -0.230136
-0.125225 0.4616 -0.230136
-0.125225 0.4616 -0.230136
-0.125225 0.4616 -0.230136
-0.125225 0.4616 -0.230136
-0.125225 0.4616 -0.230136
-0.125225 0.4616 -0.230136
-0.125225 0.4616 -0.230136
-0.125225 0.4616 -0.230136
-0.125225 0.4616 -0.230136
-0.125225 0.4616 -0.230136
-0.125225 0.4616 -0.230136
-0.125225 0.4616 -0.230136
-0.125225 0.4616 -0.230136
-0.125225 0.4616 -0.230136
-0.125225 0.4616 -0.230136
-0.125225 0.4616 -0.230136
-0.125225 0.4616 -0.230136
-0.125225 0.4616 -0.230136
-0.125225 0.4616 -0.230136
-0.125225 0.4616 -0.230136
-0.125225 0.4616 -0.230136
-0.125225 0.4616 -0.230136
-0.125225 0.4616 -0.230136
-0.125225 0.4616 -0.230136
-0.125225 0.4616 -0.230136
-0.125225 0.4616 -0.230136
-0.125225 0.4616 -0.230136
-0.125225 0.4616 -0.230136
-0.125225 0.4616 -0.230136
-0.125225 0.4616 -0.230136
-0.125225 0.4616 -0.230136
-0.125225 0.4616 -0.230136
-0.125225 0.4616 -0.230136
-0.125225 0.4616 -0.230136
-0.125225 0.4616 -0.230136
-0.125225 0.4616 -0.230136
-0.125225 0.4616 -0.230136
-0.125225 0.4616 -0.230136
-0.125225 0.4616 -0.230136
-0.125225 0.4616 -0.230136
-0.125225 0.4616 -0.230136
-0.125225 0.4616 -0.230136
-0.125225 0.4616 -0.230136
-0.125225 0.4616 -0.230136
-0.125225 0.4616 -0.230136
-0.125225 0.4616 -0.230136
-0.125225 0.4616 -0.230136
-0.125225 0.4616 -0.230136
-0.125225 0.4616 -0.230136
-0.125225 0.4616 -0.230136
-0.125225 0.4616 -0.230136
-0.125225 0.4616 -0.230136
-0.125225 0.4616 -0.230136
-0.125225 0.4616 -0.230136
-0.125225 0.4616 -0.230136
-0.125225 0.4616 -0.230136
-0.125225 0.4616 -0.230136
-0.125225 0.4616 -0.230136
-0.125225 0.4616 -0.230136
-0.125225 0.4616 -0.230136
-0.125225 0.4616 -0.230136
-0.125225 0.4616 -0.230136
-0.125225 0.4616 -0.230136
-0.125225 0.4616 -0.230136
-0.125225 0.4616 -0.230136
-0.125225 0.4616 -0.230136
-0.125225 0.4616 -0.230136
-0.125225 0.4616 -0.230136
-0.125225 0.4616 -0.230136
-0.125225 0.4616 -0.230136
-0.125225 0.4616 -0.230136
-0.125225 0.4616 -0.230136
-0.125225 0.4616 -0.230136
-0.125225 0.4616 -0.230136
-0.125225 0.4616 -0.230136
-0.125225 0.4616 -0.230136
-0.125225 0.4616 -0.230136
-0.125225 0.4616 -0.230136
-0.125225 0.4616 -0.230136
-0.125225 0.4616 -0.230136
-0.125225 0.4616 -0.230136
-0.125225 0.4616 -0.230136
-0.125225 0.4616 -0.230136
-0.125225 0.4616 -0.230136
-0.125225 0.4616 -0.230136
-0.125225 0.4616 -0.230136
-0.125225 0.4616 -0.230136
-0.125225 0.4616 -0.230136
-0.125225 0.4616 -0.230136
-0.125225 0.4616 -0.230136
-0.125225 0.4616 -0.230136
-0.125225 0.4616 -0.230136
-0.125225 0.4616 -0.230136
-0.125225 0.4616 -0.230136
-0.125225 0.4616 -0.230136
-0.125225 0.4616 -0.230136
-0.125225 0.4616 -0.230136
-0.125225 0.4616 -0.230136
-0.125225 0.4616 -0.230136
-0.125225 0.4616 -0.230136
-0.125225 0.4616 -0.230136
-0.125225 0.4616 -0.230136
-0.125225 0.4616 -0.230136
-0.125225 0.4616 -0.230136
-0.125225 0.4616 -0.230136
-0.125225 0.4616 -0.230136
-0.125225 0.4616 -0.230136
-0.125225 0.4616 -0.230136
-0.125225 0.4616 -0.230136
-0.125225 0.4616 -0.230136
-0.125225 0.4616 -0.230136
-0.125225 0.4616 -0.230136
-0.125225 0.4616 -0.230136
-0.125225 0.4616 -0.230136
-0.125225 0.4616 -0.230136
-0.125225 0.4616 -0.230136
-0.125225 0.4616 -0.230136
-0.125225 0.4616 -0.230136
-0.125225 0.4616 -0.230136
-0.125225 0.4616 -0.230136
-0.125225 0.4616 -0.230136
-0.125225 0.4616 -0.230136
-0.125225 0.4616 -0.230136
-0.125225 0.4616 -0.230136
-0.125225 0.4616 -0.230136
-0.125225 0.4616 -0.230136
-0.125225 0.4616 -0.230136
-0.125225 0.4616 -0.230136
-0.125225 0.4616 -0.230136
-0.125225 0.4616 -0.230136
-0.125225 0.4616 -0.230136
-0.125225 0.4616 -0.230136
-0.125225 0.4616 -0.230136
-0.125225 0.4616 -0.230136
-0.125225 0.4616 -0.230136
-0.125225 0.4616 -0.230136
-0.125225 0.4616 -0.230136
-0.125225 0.4616 -0.230136
-0.125225 0.4616 -0.230136
-0.125225 0.4616 -0.230136
-0.125225 0.4616 -0.230136
-0.125225 0.4616 -0.230136
-0.125225 0.4616 -0.230136
-0.125225 0.4616 -0.230136
-0.125225 0.4616 -0.230136
-0.125225 0.4616 -0.230136
-0.125225 0.4616 -0.230136
-0.125225 0.4616 -0.230136
-0.125225 0.4616 -0.230136
-0.125225 0.4616 -0.230136
-0.125225 0.4616 -0.230136
-0.125225 0.4616 -0.230136
-0.125225 0.4616 -0.230136
-0.125225 0.4616 -0.230136
-0.125225 0.4616 -0.230136
-0.125225 0.4616 -0.230136
-0.125225 0.4616 -0.230136
-0.125225 0.4616 -0.230136
-0.125225 0.4616 -0.230136
-0.125225 0.4616 -0.230136
-0.125225 0.4616 -0.230136
-0.125225 0.4616 -0.230136
-0.125225 0.4616 -0.230136
-0.125225 0.4616 -0.230136
-0.125225 0.4616 -0.230136
-0.125225 0.4616 -0.230136
-0.125225 0.4616 -0.230136
-0.125225 0.4616 -0.230136
-0.125225 0.4616 -0.230136
-0.125225 0.4616 -0.230136
-0.125225 0.4616 -0.230136
-0.125225 0.4616 -0.230136
-0.125225 0.4616 -0.230136
-0.125225 0.4616 -0.230136
-0.125225 0.4616 -0.230136
-0.125225 0.4616 -0.230136
-0.125225 0.4616 -0.230136
-0.125225 0.4616 -0.230136
-0.125225 0.4616 -0.230136
-0.125225 0.4616 -0.230136
-0.125225 0.4616 -0.230136
-0.125225 0.4616 -0.230136
-0.125225 0.4616 -0.230136
-0.125225 0.4616 -0.230136
-0.125225 0.4616 -0.230136
-0.125225 0.4616 -0.230136
-0.125225 0.4616 -0.230136
-0.125225 0.4616 -0.230136
-0.125225 0.4616 -0.230136
-0.125225 0.4616 -0.230136
-0.125225 0.4616 -0.230136
-0.125225 0.4616 -0.230136
-0.125225 0.4616 -0.230136
-0.125225 0.4616 -0.230136
-0.125225 0.4616 -0.230136
-0.125225 0.4616 -0.230136
-0.125225 0.4616 -0.230136
-0.125225 0.4616 -0.230136
-0.125225 0.4616 -0.230136
-0.125225 0.4616 -0.230136
-0.125225 0.4616 -0.230136
-0.125225 0.4616 -0.230136
-0.125225 0.4616 -0.230136
-0.125225 0.4616 -0.230136
-0.125225 0.4616 -0.230136
-0.125225 0.4616 -0.230136
-0.125225 0.4616 -0.230136
-0.125225 0.4616 -0.230136
-0.125225 0.4616 -0.230136
-0.125225 0.4616 -0.230136
-0.125225 0.4616 -0.230136
-0.125225 0.4616 -0.230136
-0.125225 0.4616 -0.230136
-0.125225 0.4616 -0.230136
-0.125225 0.4616 -0.230136
-0.125225 0.4616 -0.230136
-0.125225 0.4616 -0.230136
-0.125225 0.4616 -0.230136
-0.125225 0.4616 -0.230136
-0.125225 0.4616 -0.230136
-0.125225 0.4616 -0.230136
-0.125225 0.4616 -0.230136
-0.125225 0.4616 -0.230136
-0.125225 0.4616 -0.230136
-0.125225 0.4616 -0.230136
-0.125225 0.4616 -0.230136
-0.125225 0.4616 -0.230136
-0.125225 0.4616 -0.230136
-0.125225 0.4616 -0.230136
-0.125225 0.4616 -0.230136
-0.125225 0.4616 -0.230136
-0.125225 0.4616 -0.230136
-0.125225 0.4616 -0.230136
-0.125225 0.4616 -0.230136
-0.125225 0.4616 -0.230136
-0.125225 0.4616 -0.230136
-0.125225 0.4616 -0.230136
-0.451472 0.405005 -0.237532
-0.453992 0.397646 -0.231859
-0.456003 0.391471 -0.227567
-0.458013 0.385296 -0.223274
-0.459997 0.377685 -0.220205
-0.462491 0.368889 -0.215757
-0.466995 0.353918 -0.207017
-0.470023 0.345375 -0.199965
-0.472275 0.337889 -0.195595
-0.476055 0.326851 -0.187087
-0.479325 0.316996 -0.179958
-0.482837 0.305831 -0.172751
-0.484123 0.303589 -0.168691
-0.488385 0.289929 -0.160028
-0.494227 0.27559 -0.144778
-0.500741 0.254444 -0.131745
-0.506584 0.240105 -0.116495