14.4259000000000
14.4258000000000
14.4258000000000
14.4258000000000
14.4258000000000
14.4258000000000
14.4258000000000
14.4258000000000
14.4258000000000
14.4258000000000
14.4258000000000
14.4258000000000
14.4258000000000
14.4258000000000
14.4258000000000
14.4258000000000
14.4258000000000
14.4258000000000
14.4258000000000
14.4258000000000
14.4258000000000
14.4257000000000
14.4257000000000
14.4257000000000
14.4257000000000
14.4257000000000
14.4257000000000
14.4257000000000
14.4257000000000
14.4257000000000
14.4257000000000
14.4257000000000
14.4257000000000
14.4256000000000
14.4256000000000
14.4256000000000
14.4256000000000
14.4256000000000
14.4256000000000
14.4256000000000
14.4256000000000
14.4256000000000
14.4255000000000
14.4255000000000
14.4255000000000
14.4255000000000
14.4255000000000
14.4255000000000
14.4255000000000
14.4255000000000
14.4254000000000
14.4254000000000
14.4254000000000
14.4254000000000
14.4254000000000
14.4254000000000
14.4254000000000
14.4253000000000
14.4253000000000
14.4253000000000
14.4253000000000
14.4253000000000
14.4253000000000
14.4253000000000
14.4252000000000
14.4252000000000
14.4252000000000
14.4252000000000
14.4252000000000
14.4252000000000
14.4251000000000
14.4251000000000
14.4251000000000
14.4251000000000
14.4251000000000
14.4251000000000
14.4250000000000
14.4250000000000
14.4250000000000
14.4250000000000
14.4250000000000
14.4249000000000
14.4249000000000
14.4249000000000
14.4249000000000
14.4249000000000
14.4248000000000
14.4248000000000
14.4248000000000
14.4248000000000
14.4248000000000
14.4247000000000
14.4247000000000
14.4247000000000
14.4247000000000
14.4247000000000
14.4246000000000
14.4246000000000
14.4246000000000
14.4246000000000
14.4245000000000
14.4245000000000
14.4245000000000
14.4245000000000
14.4245000000000
14.4244000000000
14.4244000000000
14.4244000000000
14.4244000000000
14.4243000000000
14.4243000000000
14.4243000000000
14.4243000000000
14.4242000000000
14.4242000000000
14.4242000000000
14.4242000000000
14.4241000000000
14.4241000000000
14.4241000000000
14.4241000000000
14.4240000000000
14.4240000000000
14.4240000000000
14.4240000000000
14.4239000000000
14.4239000000000
14.4239000000000
14.4238000000000
14.4238000000000
14.4238000000000
14.4238000000000
14.4237000000000
14.4237000000000
14.4237000000000
14.4236000000000
14.4236000000000
14.4236000000000
14.4236000000000
14.4235000000000
14.4235000000000
14.4235000000000
14.4234000000000
14.4234000000000
14.4234000000000
14.4234000000000
14.4233000000000
14.4233000000000
14.4233000000000
14.4232000000000
14.4232000000000
14.4232000000000
14.4231000000000
14.4231000000000
14.4231000000000
14.4230000000000
14.4230000000000
14.4230000000000
14.4229000000000
14.4229000000000
14.4229000000000
14.4228000000000
14.4228000000000
14.4228000000000
14.4227000000000
14.4227000000000
14.4227000000000
14.4226000000000
14.4226000000000
14.4226000000000
14.4225000000000
14.4225000000000
14.4225000000000
14.4224000000000
14.4224000000000
14.4224000000000
14.4223000000000
14.4223000000000
14.4223000000000
14.4222000000000
14.4222000000000
14.4222000000000
14.4221000000000
14.4221000000000
14.4220000000000
14.4220000000000
14.4220000000000
14.4219000000000
14.4219000000000
14.4219000000000
14.4218000000000
14.4218000000000
14.4217000000000
14.4217000000000
14.4217000000000
14.4216000000000
14.4216000000000
14.4216000000000
14.4215000000000
14.4215000000000
14.4214000000000
14.4214000000000
14.4214000000000
14.4213000000000
14.4213000000000
14.4212000000000
14.4212000000000
14.4212000000000
14.4211000000000
14.4211000000000
14.4210000000000
14.4210000000000
14.4210000000000
14.4209000000000
14.4209000000000
14.4208000000000
14.4208000000000
14.4208000000000
14.4207000000000
14.4207000000000
14.4206000000000
14.4206000000000
14.4205000000000
14.4205000000000
14.4205000000000
14.4204000000000
14.4204000000000
14.4203000000000
14.4203000000000
14.4202000000000
14.4202000000000
14.4202000000000
14.4201000000000
14.4201000000000
14.4200000000000
14.4200000000000
14.4199000000000
14.4199000000000
14.4199000000000
14.4198000000000
14.4198000000000
14.4197000000000
14.4197000000000
14.4196000000000
14.4196000000000
14.4195000000000
14.4195000000000
14.4194000000000
14.4194000000000
14.4194000000000
14.4193000000000
14.4193000000000
14.4192000000000
14.4192000000000
14.4191000000000
14.4191000000000
14.4190000000000
14.4190000000000
14.4189000000000
14.4189000000000
14.4188000000000
14.4188000000000
14.4187000000000
14.4187000000000
14.4187000000000
14.4186000000000
14.4186000000000
14.4185000000000
14.4185000000000
14.4184000000000
14.4184000000000
14.4183000000000
14.4183000000000
14.4182000000000
14.4182000000000
14.4181000000000
14.4181000000000
14.4180000000000
14.4180000000000
14.4179000000000
14.4179000000000
14.4178000000000
14.4178000000000
14.4177000000000
14.4177000000000
14.4176000000000
14.4176000000000
14.4175000000000
14.4175000000000
14.4174000000000
14.4174000000000
14.4173000000000
14.4173000000000
14.4172000000000
14.4172000000000
14.4171000000000
14.4171000000000
14.4170000000000
14.4170000000000
14.4169000000000
14.4168000000000
14.4168000000000
14.4167000000000
14.4167000000000
14.4166000000000
14.4166000000000
14.4165000000000
14.4165000000000
14.4164000000000
14.4164000000000
14.4163000000000
14.4163000000000
14.4162000000000
14.4162000000000
14.4161000000000
14.4160000000000
14.4160000000000
14.4159000000000
14.4159000000000
14.4158000000000
14.4158000000000
14.4157000000000
14.4157000000000
14.4156000000000
14.4156000000000
14.4155000000000
14.4154000000000
14.4154000000000
14.4153000000000
14.4153000000000
14.4152000000000
14.4152000000000
14.4151000000000
14.4151000000000
14.4150000000000
14.4149000000000
14.4149000000000
14.4148000000000
14.4148000000000
14.4147000000000
14.4147000000000
14.4146000000000
14.4145000000000
14.4145000000000
14.4144000000000
14.4144000000000
14.4143000000000
14.4143000000000
14.4142000000000
14.4141000000000
14.4141000000000
14.4140000000000
14.4140000000000
14.4139000000000
14.4138000000000
14.4138000000000
14.4137000000000
14.4137000000000
14.4136000000000
14.4136000000000
14.4135000000000
14.4134000000000
14.4134000000000
14.4133000000000
14.4133000000000
14.4132000000000
14.4131000000000
14.4131000000000
14.4130000000000
14.4130000000000
14.4129000000000
14.4128000000000
14.4128000000000
14.4127000000000
14.4127000000000
14.4126000000000
14.4125000000000
14.4125000000000
14.4124000000000
14.4124000000000
14.4123000000000
14.4122000000000
14.4122000000000
14.4121000000000
14.4120000000000
14.4120000000000
14.4119000000000
14.4119000000000
14.4118000000000
14.4117000000000
14.4117000000000
14.4116000000000
14.4115000000000
14.4115000000000
14.4114000000000
14.4114000000000
14.4113000000000
14.4112000000000
14.4112000000000
14.4111000000000
14.4110000000000
14.4110000000000
14.4109000000000
14.4109000000000
14.4108000000000
14.4107000000000
14.4107000000000
14.4106000000000
14.4105000000000
14.4105000000000
14.4104000000000
14.4103000000000
14.4103000000000
14.4102000000000
14.4102000000000
14.4101000000000
14.4100000000000
14.4100000000000
14.4099000000000
14.4098000000000
14.4098000000000
14.4097000000000
14.4096000000000
14.4096000000000
14.4095000000000
14.4094000000000
14.4094000000000
14.4093000000000
14.4092000000000
14.4092000000000
14.4091000000000
14.4090000000000
14.4090000000000
14.4089000000000
14.4088000000000
14.4088000000000
14.4087000000000
14.4086000000000
14.4086000000000
14.4085000000000
14.4084000000000
14.4084000000000
14.4083000000000
14.4082000000000
14.4082000000000
14.4081000000000
14.4080000000000
14.4080000000000
14.4079000000000
14.4078000000000
14.4078000000000
14.4077000000000
14.4076000000000
14.4076000000000
14.4075000000000
14.4074000000000
14.4074000000000
14.4073000000000
14.4072000000000
14.4072000000000
14.4071000000000
14.4070000000000
14.4069000000000
14.4069000000000
14.4068000000000
14.4067000000000
14.4067000000000
14.4066000000000
14.4065000000000
14.4065000000000
14.4064000000000
14.4063000000000
14.4063000000000
14.4062000000000
14.4061000000000
14.4060000000000
14.4060000000000
14.4059000000000
14.4058000000000
14.4058000000000
14.4057000000000
14.4056000000000
14.4056000000000
14.4055000000000
14.4054000000000
14.4053000000000
14.4053000000000
14.4052000000000
14.4051000000000
14.4051000000000
14.4050000000000
14.4049000000000
14.4048000000000
14.4048000000000
14.4047000000000
14.4046000000000
14.4046000000000
14.4045000000000
14.4044000000000
14.4043000000000
14.4043000000000
14.4042000000000
14.4041000000000
14.4041000000000
14.4040000000000
14.4039000000000
14.4038000000000
14.4038000000000
14.4037000000000
14.4036000000000
14.4036000000000
14.4035000000000
14.4034000000000
14.4033000000000
14.4033000000000
14.4032000000000
14.4031000000000
14.4030000000000
14.4030000000000
14.4029000000000
14.4028000000000
14.4028000000000
14.4027000000000
14.4026000000000
14.4025000000000
14.4025000000000
14.4024000000000
14.4023000000000
14.4022000000000
14.4022000000000
14.4021000000000
14.4020000000000
14.4019000000000
14.4019000000000
14.4018000000000
14.4017000000000
14.4016000000000
14.4016000000000
14.4015000000000
14.4014000000000
14.4013000000000
14.4013000000000
14.4012000000000
14.4011000000000
14.4010000000000
14.4010000000000
14.4009000000000
14.4008000000000
14.4007000000000
14.4007000000000
14.4006000000000
14.4005000000000
14.4004000000000
14.4004000000000
14.4003000000000
14.4002000000000
14.4001000000000
14.4001000000000
14.4000000000000
14.3999000000000
14.3998000000000
14.3998000000000
14.3997000000000
14.3996000000000
14.3995000000000
14.3995000000000
14.3994000000000
14.3993000000000
14.3992000000000
14.3992000000000
14.3991000000000
14.3990000000000
14.3989000000000
14.3988000000000
14.3988000000000
14.3987000000000
14.3986000000000
14.3985000000000
14.3985000000000
14.3984000000000
14.3983000000000
14.3982000000000
14.3982000000000
14.3981000000000
14.3980000000000
14.3979000000000
14.3978000000000
14.3978000000000
14.3977000000000
14.3976000000000
14.3975000000000
14.3975000000000
14.3974000000000
14.3973000000000
14.3972000000000
14.3971000000000
14.3971000000000
14.3970000000000
14.3969000000000
14.3968000000000
14.3968000000000
14.3967000000000
14.3966000000000
14.3965000000000
14.3964000000000
14.3964000000000
14.3963000000000
14.3962000000000
14.3961000000000
14.3960000000000
14.3960000000000
14.3959000000000
14.3958000000000
14.3957000000000
14.3957000000000
14.3956000000000
14.3955000000000
14.3954000000000
14.3953000000000
14.3953000000000
14.3952000000000
14.3951000000000
14.3950000000000
14.3949000000000
14.3949000000000
14.3948000000000
14.3947000000000
14.3946000000000
14.3945000000000
14.3945000000000
14.3944000000000
14.3943000000000
14.3942000000000
14.3941000000000
14.3941000000000
14.3940000000000
14.3939000000000
14.3938000000000
14.3937000000000
14.3937000000000
14.3936000000000
14.3935000000000
14.3934000000000
14.3933000000000
14.3933000000000
14.3932000000000
14.3931000000000
14.3930000000000
14.3929000000000
14.3928000000000
14.3928000000000
14.3927000000000
14.3926000000000
14.3925000000000
14.3924000000000
14.3924000000000
14.3923000000000
14.3922000000000
14.3921000000000
14.3920000000000
14.3920000000000
14.3919000000000
14.3918000000000
14.3917000000000
14.3916000000000
14.3915000000000
14.3915000000000
14.3914000000000
14.3913000000000
14.3912000000000
14.3911000000000
14.3911000000000
14.3910000000000
14.3909000000000
14.3908000000000
14.3907000000000
14.3906000000000
14.3906000000000
14.3905000000000
14.3904000000000
14.3903000000000
14.3902000000000
14.3902000000000
14.3901000000000
14.3900000000000
14.3899000000000
14.3898000000000
14.3897000000000
14.3897000000000
14.3896000000000
14.3895000000000
14.3894000000000
14.3893000000000
14.3892000000000
14.3892000000000
14.3891000000000
14.3890000000000
14.3889000000000
14.3888000000000
14.3887000000000
14.3887000000000
14.3886000000000
14.3885000000000
14.3884000000000
14.3883000000000
14.3882000000000
14.3882000000000
14.3881000000000
14.3880000000000
14.3879000000000
14.3878000000000
14.3877000000000
14.3877000000000
14.3876000000000
14.3875000000000
14.3874000000000
14.3873000000000
14.3872000000000
14.3872000000000
14.3871000000000
14.3870000000000
14.3869000000000
14.3868000000000
14.3867000000000
14.3867000000000
14.3866000000000
14.3865000000000
14.3864000000000
14.3863000000000
14.3862000000000
14.3861000000000
14.3861000000000
14.3860000000000
14.3859000000000
14.3858000000000
14.3857000000000
14.3856000000000
14.3856000000000
14.3855000000000
14.3854000000000
14.3853000000000
14.3852000000000
14.3851000000000
14.3850000000000
14.3850000000000
14.3849000000000
14.3848000000000
14.3847000000000
14.3846000000000
14.3845000000000
14.3845000000000
14.3844000000000
14.3843000000000
14.3842000000000
14.3841000000000
14.3840000000000
14.3839000000000
14.3839000000000
14.3838000000000
14.3837000000000
14.3836000000000
14.3835000000000
14.3834000000000
14.3833000000000
14.3833000000000
14.3832000000000
14.3831000000000
14.3830000000000
14.3829000000000
14.3828000000000
14.3827000000000
14.3827000000000
14.3826000000000
14.3825000000000
14.3824000000000
14.3823000000000
14.3822000000000
14.3821000000000
14.3821000000000
14.3820000000000
14.3819000000000
14.3818000000000
14.3817000000000
14.3816000000000
14.3815000000000
14.3815000000000
14.3814000000000
14.3813000000000
14.3812000000000
14.3811000000000
14.3810000000000
14.3809000000000
14.3809000000000
14.3808000000000
14.3807000000000
14.3806000000000
14.3805000000000
14.3804000000000
14.3803000000000
14.3802000000000
14.3802000000000
14.3801000000000
14.3800000000000
14.3799000000000
14.3798000000000
14.3797000000000
14.3796000000000
14.3796000000000
14.3795000000000
14.3794000000000
14.3793000000000
14.3792000000000
14.3791000000000
14.3790000000000
14.3789000000000
14.3789000000000
14.3788000000000
14.3787000000000
14.3786000000000
14.3785000000000
14.3784000000000
14.3783000000000
14.3783000000000
14.3782000000000
14.3781000000000
14.3780000000000
14.3779000000000
14.3778000000000
14.3777000000000
14.3776000000000
14.3776000000000
14.3775000000000
14.3774000000000
14.3773000000000
14.3772000000000
14.3771000000000
14.3770000000000
14.3769000000000
14.3769000000000
14.3768000000000
14.3767000000000
14.3766000000000
14.3765000000000
14.3764000000000
14.3763000000000
14.3762000000000
14.3762000000000
14.3761000000000
14.3760000000000
14.3759000000000
14.3758000000000
14.3757000000000
14.3756000000000
14.3755000000000
14.3755000000000
14.3754000000000
14.3753000000000
14.3752000000000
14.3751000000000
14.3750000000000
14.3749000000000
14.3748000000000
14.3748000000000
14.3747000000000
14.3746000000000
14.3745000000000
14.3744000000000
14.3743000000000
14.3742000000000
14.3741000000000
14.3740000000000
14.3740000000000
14.3739000000000
14.3738000000000
14.3737000000000
14.3736000000000
14.3735000000000
14.3734000000000
14.3733000000000
14.3733000000000
14.3732000000000
14.3731000000000
14.3730000000000
14.3729000000000
14.3728000000000
14.3727000000000
14.3726000000000
14.3725000000000
14.3725000000000
14.3724000000000
14.3723000000000
14.3722000000000
14.3721000000000
14.3720000000000
14.3719000000000
14.3718000000000
14.3718000000000
14.3717000000000
14.3716000000000
14.3715000000000
14.3714000000000
14.3713000000000
14.3712000000000
14.3711000000000
14.3710000000000
14.3710000000000
14.3709000000000
14.3708000000000
14.3707000000000
14.3706000000000
14.3705000000000
14.3704000000000
14.3703000000000
14.3702000000000
14.3702000000000
14.3701000000000
14.3700000000000
14.3699000000000
14.3698000000000
14.3697000000000
14.3696000000000
14.3695000000000
14.3694000000000
14.3694000000000
14.3693000000000
14.3692000000000
14.3691000000000
14.3690000000000
14.3689000000000
14.3688000000000
14.3687000000000
14.3686000000000
14.3686000000000
14.3685000000000
14.3684000000000
14.3683000000000
14.3682000000000
14.3681000000000
14.3680000000000
14.3679000000000
14.3678000000000
14.3678000000000
14.3677000000000
14.3676000000000
14.3675000000000
14.3674000000000
14.3673000000000
14.3672000000000
14.3671000000000
14.3670000000000
14.3670000000000
14.3669000000000
14.3668000000000
14.3667000000000
14.3666000000000
14.3665000000000
14.3664000000000
14.3663000000000
14.3662000000000
14.3661000000000
14.3661000000000
14.3660000000000
14.3659000000000
14.3658000000000
14.3657000000000
14.3656000000000
14.3655000000000
14.3654000000000
14.3653000000000
14.3653000000000
14.3652000000000
14.3651000000000
14.3650000000000
14.3649000000000
14.3648000000000
14.3647000000000
14.3646000000000
14.3645000000000
14.3645000000000
14.3644000000000
14.3643000000000
14.3642000000000
14.3641000000000
14.3640000000000
14.3639000000000
14.3638000000000
14.3637000000000
14.3636000000000
14.3636000000000
14.3635000000000
14.3634000000000
14.3633000000000
14.3632000000000
14.3631000000000
14.3630000000000
14.3629000000000
14.3628000000000
14.3628000000000
14.3627000000000
14.3626000000000
14.3625000000000
14.3624000000000
14.3623000000000
14.3622000000000
14.3621000000000
14.3620000000000
14.3619000000000
14.3619000000000
14.3618000000000
14.3617000000000
14.3616000000000
14.3615000000000
14.3614000000000
14.3613000000000
14.3612000000000
14.3611000000000
14.3611000000000
14.3610000000000
14.3609000000000
14.3608000000000
14.3607000000000
14.3606000000000
14.3605000000000
14.3604000000000
14.3603000000000
14.3602000000000
14.3602000000000
14.3601000000000
14.3600000000000
14.3599000000000
14.3598000000000
14.3597000000000
14.3596000000000
14.3595000000000
14.3594000000000
14.3594000000000
14.3593000000000
14.3592000000000
14.3591000000000
14.3590000000000
14.3589000000000
14.3588000000000
14.3587000000000
14.3586000000000
14.3585000000000
14.3585000000000
14.3584000000000
14.3583000000000
14.3582000000000
14.3581000000000
14.3580000000000
14.3579000000000
14.3578000000000
14.3577000000000
14.3576000000000
14.3576000000000
14.3575000000000
14.3574000000000
14.3573000000000
14.3572000000000
14.3571000000000
14.3570000000000
14.3569000000000
14.3568000000000
14.3568000000000
14.3567000000000
14.3566000000000
14.3565000000000
14.3564000000000
14.3563000000000
14.3562000000000
14.3561000000000
14.3560000000000
14.3559000000000
14.3559000000000
14.3558000000000
14.3557000000000
14.3556000000000
14.3555000000000
14.3554000000000
14.3553000000000
14.3552000000000
14.3551000000000
14.3551000000000
14.3550000000000
14.3549000000000
14.3548000000000
14.3547000000000
14.3546000000000
14.3545000000000
14.3544000000000
14.3543000000000
14.3542000000000
14.3542000000000
14.3541000000000
14.3540000000000
14.3539000000000
14.3538000000000
14.3537000000000
14.3536000000000
14.3535000000000
14.3534000000000
14.3534000000000
14.3533000000000
14.3532000000000
14.3531000000000
14.3530000000000
14.3529000000000
14.3528000000000
14.3527000000000
14.3526000000000
14.3525000000000
14.3525000000000
14.3524000000000
14.3523000000000
14.3522000000000
14.3521000000000
14.3520000000000
14.3519000000000
14.3518000000000
14.3517000000000
14.3517000000000
14.3516000000000
14.3515000000000
14.3514000000000
14.3513000000000
14.3512000000000
14.3511000000000
14.3510000000000
14.3509000000000
14.3509000000000
14.3508000000000
14.3507000000000
14.3506000000000
14.3505000000000
14.3504000000000
14.3503000000000
14.3502000000000
14.3501000000000
14.3500000000000
14.3500000000000
14.3499000000000
14.3498000000000
14.3497000000000
14.3496000000000
14.3495000000000
14.3494000000000
14.3493000000000
14.3492000000000
14.3492000000000
14.3491000000000
14.3490000000000
14.3489000000000
14.3488000000000
14.3487000000000
14.3486000000000
14.3485000000000
14.3484000000000
14.3484000000000
14.3483000000000
14.3482000000000
14.3481000000000
14.3480000000000
14.3479000000000
14.3478000000000
14.3477000000000
14.3476000000000
14.3476000000000
14.3475000000000
14.3474000000000
14.3473000000000
14.3472000000000
14.3471000000000
14.3470000000000
14.3469000000000
14.3468000000000
14.3468000000000
14.3467000000000
14.3466000000000
14.3465000000000
14.3464000000000
14.3463000000000
14.3462000000000
14.3461000000000
14.3460000000000
14.3460000000000
14.3459000000000
14.3458000000000
14.3457000000000
14.3456000000000
14.3455000000000
14.3454000000000
14.3453000000000
14.3452000000000
14.3452000000000
14.3451000000000
14.3450000000000
14.3449000000000
14.3448000000000
14.3447000000000
14.3446000000000
14.3445000000000
14.3445000000000
14.3444000000000
14.3443000000000
14.3442000000000
14.3441000000000
14.3440000000000
14.3439000000000
14.3438000000000
14.3437000000000
14.3437000000000
14.3436000000000
14.3435000000000
14.3434000000000
14.3433000000000
14.3432000000000
14.3431000000000
14.3430000000000
14.3430000000000
14.3429000000000
14.3428000000000
14.3427000000000
14.3426000000000
14.3425000000000
14.3424000000000
14.3423000000000
14.3422000000000
14.3422000000000
14.3421000000000
14.3420000000000
14.3419000000000
14.3418000000000
14.3417000000000
14.3416000000000
14.3415000000000
14.3415000000000
14.3414000000000
14.3413000000000
14.3412000000000
14.3411000000000
14.3410000000000
14.3409000000000
14.3408000000000
14.3407000000000
14.3407000000000
14.3406000000000
14.3405000000000
14.3404000000000
14.3403000000000
14.3402000000000
14.3401000000000
14.3400000000000
14.3400000000000
14.3399000000000
14.3398000000000
14.3397000000000
14.3396000000000
14.3395000000000
14.3394000000000
14.3393000000000
14.3393000000000
14.3392000000000
14.3391000000000
14.3390000000000
14.3389000000000
14.3388000000000
14.3387000000000
14.3386000000000
14.3386000000000
14.3385000000000
14.3384000000000
14.3383000000000
14.3382000000000
14.3381000000000
14.3380000000000
14.3379000000000
14.3379000000000
14.3378000000000
14.3377000000000
14.3376000000000
14.3375000000000
14.3374000000000
14.3373000000000
14.3372000000000
14.3372000000000
14.3371000000000
14.3370000000000
14.3369000000000
14.3368000000000
14.3367000000000
14.3366000000000
14.3366000000000
14.3365000000000
14.3364000000000
14.3363000000000
14.3362000000000
14.3361000000000
14.3360000000000
14.3359000000000
14.3359000000000
14.3358000000000
14.3357000000000
14.3356000000000
14.3355000000000
14.3354000000000
14.3353000000000
14.3352000000000
14.3352000000000
14.3351000000000
14.3350000000000
14.3349000000000
14.3348000000000
14.3347000000000
14.3346000000000
14.3346000000000
14.3345000000000
14.3344000000000
14.3343000000000
14.3342000000000
14.3341000000000
14.3340000000000
14.3339000000000
14.3339000000000
14.3338000000000
14.3337000000000
14.3336000000000
14.3335000000000
14.3334000000000
14.3333000000000
14.3333000000000
14.3332000000000
14.3331000000000
14.3330000000000
14.3329000000000
14.3328000000000
14.3327000000000
14.3327000000000
14.3326000000000
14.3325000000000
14.3324000000000
14.3323000000000
14.3322000000000
14.3321000000000
14.3321000000000
14.3320000000000
14.3319000000000
14.3318000000000
14.3317000000000
14.3316000000000
14.3315000000000
14.3315000000000
14.3314000000000
14.3313000000000
14.3312000000000
14.3311000000000
14.3310000000000
14.3309000000000
14.3309000000000
14.3308000000000
14.3307000000000
14.3306000000000
14.3305000000000
14.3304000000000
14.3303000000000
14.3303000000000
14.3302000000000
14.3301000000000
14.3300000000000
14.3299000000000
14.3298000000000
14.3297000000000
14.3297000000000
14.3296000000000
14.3295000000000
14.3294000000000
14.3293000000000
14.3292000000000
14.3291000000000
14.3291000000000
14.3290000000000
14.3289000000000
14.3288000000000
14.3287000000000
14.3286000000000
14.3285000000000
14.3285000000000
14.3284000000000
14.3283000000000
14.3282000000000
14.3281000000000
14.3280000000000
14.3280000000000
14.3279000000000
14.3278000000000
14.3277000000000
14.3276000000000
14.3275000000000
14.3274000000000
14.3274000000000
14.3273000000000
14.3272000000000
14.3271000000000
14.3270000000000
14.3269000000000
14.3269000000000
14.3268000000000
14.3267000000000
14.3266000000000
14.3265000000000
14.3264000000000
14.3263000000000
14.3263000000000
14.3262000000000
14.3261000000000
14.3260000000000
14.3259000000000
14.3258000000000
14.3258000000000
14.3257000000000
14.3256000000000
14.3255000000000
14.3254000000000
14.3253000000000
14.3253000000000
14.3252000000000
14.3251000000000
14.3250000000000
14.3249000000000
14.3248000000000
14.3247000000000
14.3247000000000
14.3246000000000
14.3245000000000
14.3244000000000
14.3243000000000
14.3242000000000
14.3242000000000
14.3241000000000
14.3240000000000
14.3239000000000
14.3238000000000
14.3237000000000
14.3237000000000
14.3236000000000
14.3235000000000
14.3234000000000
14.3233000000000
14.3232000000000
14.3232000000000
14.3231000000000
14.3230000000000
14.3229000000000
14.3228000000000
14.3227000000000
14.3227000000000
14.3226000000000
14.3225000000000
14.3224000000000
14.3223000000000
14.3222000000000
14.3222000000000
14.3221000000000
14.3220000000000
14.3219000000000
14.3218000000000
14.3217000000000
14.3217000000000
14.3216000000000
14.3215000000000
14.3214000000000
14.3213000000000
14.3212000000000
14.3212000000000
14.3211000000000
14.3210000000000
14.3209000000000
14.3208000000000
14.3208000000000
14.3207000000000
14.3206000000000
14.3205000000000
14.3204000000000
14.3203000000000
14.3203000000000
14.3202000000000
14.3201000000000
14.3200000000000
14.3199000000000
14.3198000000000
14.3198000000000
14.3197000000000
14.3196000000000
14.3195000000000
14.3194000000000
14.3194000000000
14.3193000000000
14.3192000000000
14.3191000000000
14.3190000000000
14.3189000000000
14.3189000000000
14.3188000000000
14.3187000000000
14.3186000000000
14.3185000000000
14.3185000000000
14.3184000000000
14.3183000000000
14.3182000000000
14.3181000000000
14.3180000000000
14.3180000000000
14.3179000000000
14.3178000000000
14.3177000000000
14.3176000000000
14.3176000000000
14.3175000000000
14.3174000000000
14.3173000000000
14.3172000000000
14.3171000000000
14.3171000000000
14.3170000000000
14.3169000000000
14.3168000000000
14.3167000000000
14.3167000000000
14.3166000000000
14.3165000000000
14.3164000000000
14.3163000000000
14.3163000000000
14.3162000000000
14.3161000000000
14.3160000000000
14.3159000000000
14.3158000000000
14.3158000000000
14.3157000000000
14.3156000000000
14.3155000000000
14.3154000000000
14.3154000000000
14.3153000000000
14.3152000000000
14.3151000000000
14.3150000000000
14.3150000000000
14.3149000000000
14.3148000000000
14.3147000000000
14.3146000000000
14.3146000000000
14.3145000000000
14.3144000000000
14.3143000000000
14.3142000000000
14.3142000000000
14.3141000000000
14.3140000000000
14.3139000000000
14.3138000000000
14.3138000000000
14.3137000000000
14.3136000000000
14.3135000000000
14.3134000000000
14.3134000000000
14.3133000000000
14.3132000000000
14.3131000000000
14.3130000000000
14.3130000000000
14.3129000000000
14.3128000000000
14.3127000000000
14.3126000000000
14.3126000000000
14.3125000000000
14.3124000000000
14.3123000000000
14.3122000000000
14.3122000000000
14.3121000000000
14.3120000000000
14.3119000000000
14.3118000000000
14.3118000000000
14.3117000000000
14.3116000000000
14.3115000000000
14.3114000000000
14.3114000000000
14.3113000000000
14.3112000000000
14.3111000000000
14.3111000000000
14.3110000000000
14.3109000000000
14.3108000000000
14.3107000000000
14.3107000000000
14.3106000000000
14.3105000000000
14.3104000000000
14.3103000000000
14.3103000000000
14.3102000000000
14.3101000000000
14.3100000000000
14.3099000000000
14.3099000000000
14.3098000000000
14.3097000000000
14.3096000000000
14.3096000000000
14.3095000000000
14.3094000000000
14.3093000000000
14.3092000000000
14.3092000000000
14.3091000000000
14.3090000000000
14.3089000000000
14.3089000000000
14.3088000000000
14.3087000000000
14.3086000000000
14.3085000000000
14.3085000000000
14.3084000000000
14.3083000000000
14.3082000000000
14.3082000000000
14.3081000000000
14.3080000000000
14.3079000000000
14.3078000000000
14.3078000000000
14.3077000000000
14.3076000000000
14.3075000000000
14.3075000000000
14.3074000000000
14.3073000000000
14.3072000000000
14.3071000000000
14.3071000000000
14.3070000000000
14.3069000000000
14.3068000000000
14.3068000000000
14.3067000000000
14.3066000000000
14.3065000000000
14.3064000000000
14.3064000000000
14.3063000000000
14.3062000000000
14.3061000000000
14.3061000000000
14.3060000000000
14.3059000000000
14.3058000000000
14.3058000000000
14.3057000000000
14.3056000000000
14.3055000000000
14.3054000000000
14.3054000000000
14.3053000000000
14.3052000000000
14.3051000000000
14.3051000000000
14.3050000000000
14.3049000000000
14.3048000000000
14.3048000000000
14.3047000000000
14.3046000000000
14.3045000000000
14.3045000000000
14.3044000000000
14.3043000000000
14.3042000000000
14.3041000000000
14.3041000000000
14.3040000000000
14.3039000000000
14.3038000000000
14.3038000000000
14.3037000000000
14.3036000000000
14.3035000000000
14.3035000000000
14.3034000000000
14.3033000000000
14.3032000000000
14.3032000000000
14.3031000000000
14.3030000000000
14.3029000000000
14.3029000000000
14.3028000000000
14.3027000000000
14.3026000000000
14.3026000000000
14.3025000000000
14.3024000000000
14.3023000000000
14.3023000000000
14.3022000000000
14.3021000000000
14.3020000000000
14.3020000000000
14.3019000000000
14.3018000000000
14.3017000000000
14.3017000000000
14.3016000000000
14.3015000000000
14.3014000000000
14.3014000000000
14.3013000000000
14.3012000000000
14.3011000000000
14.3011000000000
14.3010000000000
14.3009000000000
14.3008000000000
14.3008000000000
14.3007000000000
14.3006000000000
14.3005000000000
14.3005000000000
14.3004000000000
14.3003000000000
14.3002000000000
14.3002000000000
14.3001000000000
14.3000000000000
14.2999000000000
14.2999000000000
14.2998000000000
14.2997000000000
14.2996000000000
14.2996000000000
14.2995000000000
14.2994000000000
14.2994000000000
14.2993000000000
14.2992000000000
14.2991000000000
14.2991000000000
14.2990000000000
14.2989000000000
14.2988000000000
14.2988000000000
14.2987000000000
14.2986000000000
14.2985000000000
14.2985000000000
14.2984000000000
14.2983000000000
14.2982000000000
14.2982000000000
14.2981000000000
14.2980000000000
14.2980000000000
14.2979000000000
14.2978000000000
14.2977000000000
14.2977000000000
14.2976000000000
14.2975000000000
14.2974000000000
14.2974000000000
14.2973000000000
14.2972000000000
14.2972000000000
14.2971000000000
14.2970000000000
14.2969000000000
14.2969000000000
14.2968000000000
14.2967000000000
14.2966000000000
14.2966000000000
14.2965000000000
14.2964000000000
14.2964000000000
14.2963000000000
14.2962000000000
14.2961000000000
14.2961000000000
14.2960000000000
14.2959000000000
14.2958000000000
14.2958000000000
14.2957000000000
14.2956000000000
14.2956000000000
14.2955000000000
14.2954000000000
14.2953000000000
14.2953000000000
14.2952000000000
14.2951000000000
14.2951000000000
14.2950000000000
14.2949000000000
14.2948000000000
14.2948000000000
14.2947000000000
14.2946000000000
14.2946000000000
14.2945000000000
14.2944000000000
14.2943000000000
14.2943000000000
14.2942000000000
14.2941000000000
14.2941000000000
14.2940000000000
14.2939000000000
14.2938000000000
14.2938000000000
14.2937000000000
14.2936000000000
14.2936000000000
14.2935000000000
14.2934000000000
14.2933000000000
14.2933000000000
14.2932000000000
14.2931000000000
14.2931000000000
14.2930000000000
14.2929000000000
14.2929000000000
14.2928000000000
14.2927000000000
14.2926000000000
14.2926000000000
14.2925000000000
14.2924000000000
14.2924000000000
14.2923000000000
14.2922000000000
14.2921000000000
14.2921000000000
14.2920000000000
14.2919000000000
14.2919000000000
14.2918000000000
14.2917000000000
14.2917000000000
14.2916000000000
14.2915000000000
14.2914000000000
14.2914000000000
14.2913000000000
14.2912000000000
14.2912000000000
14.2911000000000
14.2910000000000
14.2910000000000
14.2909000000000
14.2908000000000
14.2908000000000
14.2907000000000
14.2906000000000
14.2905000000000
14.2905000000000
14.2904000000000
14.2903000000000
14.2903000000000
14.2902000000000
14.2901000000000
14.2901000000000
14.2900000000000
14.2899000000000
14.2899000000000
14.2898000000000
14.2897000000000
14.2896000000000
14.2896000000000
14.2895000000000
14.2894000000000
14.2894000000000
14.2893000000000
14.2892000000000
14.2892000000000
14.2891000000000
14.2890000000000
14.2890000000000
14.2889000000000
14.2888000000000
14.2888000000000
14.2887000000000
14.2886000000000
14.2885000000000
14.2885000000000
14.2884000000000
14.2883000000000
14.2883000000000
14.2882000000000
14.2881000000000
14.2881000000000
14.2880000000000
14.2879000000000
14.2879000000000
14.2878000000000
14.2877000000000
14.2877000000000
14.2876000000000
14.2875000000000
14.2875000000000
14.2874000000000
14.2873000000000
14.2873000000000
14.2872000000000
14.2871000000000
14.2871000000000
14.2870000000000
14.2869000000000
14.2869000000000
14.2868000000000
14.2867000000000
14.2867000000000
14.2866000000000
14.2865000000000
14.2865000000000
14.2864000000000
14.2863000000000
14.2862000000000
14.2862000000000
14.2861000000000
14.2860000000000
14.2860000000000
14.2859000000000
14.2858000000000
14.2858000000000
14.2857000000000
14.2856000000000
14.2856000000000
14.2855000000000
14.2854000000000
14.2854000000000
14.2853000000000
14.2852000000000
14.2852000000000
14.2851000000000
14.2850000000000
14.2850000000000
14.2849000000000
14.2849000000000
14.2848000000000
14.2847000000000
14.2847000000000
14.2846000000000
14.2845000000000
14.2845000000000
14.2844000000000
14.2843000000000
14.2843000000000
14.2842000000000
14.2841000000000
14.2841000000000
14.2840000000000
14.2839000000000
14.2839000000000
14.2838000000000
14.2837000000000
14.2837000000000
14.2836000000000
14.2835000000000
14.2835000000000
14.2834000000000
14.2833000000000
14.2833000000000
14.2832000000000
14.2831000000000
14.2831000000000
14.2830000000000
14.2829000000000
14.2829000000000
14.2828000000000
14.2828000000000
14.2827000000000
14.2826000000000
14.2826000000000
14.2825000000000
14.2824000000000
14.2824000000000
14.2823000000000
14.2822000000000
14.2822000000000
14.2821000000000
14.2820000000000
14.2820000000000
14.2819000000000
14.2818000000000
14.2818000000000
14.2817000000000
14.2817000000000
14.2816000000000
14.2815000000000
14.2815000000000
14.2814000000000
14.2813000000000
14.2813000000000
14.2812000000000
14.2811000000000
14.2811000000000
14.2810000000000
14.2809000000000
14.2809000000000
14.2808000000000
14.2808000000000
14.2807000000000
14.2806000000000
14.2806000000000
14.2805000000000
14.2804000000000
14.2804000000000
14.2803000000000
14.2802000000000
14.2802000000000
14.2801000000000
14.2801000000000
14.2800000000000
14.2799000000000
14.2799000000000
14.2798000000000
14.2797000000000
14.2797000000000
14.2796000000000
14.2795000000000
14.2795000000000
14.2794000000000
14.2794000000000
14.2793000000000
14.2792000000000
14.2792000000000
14.2791000000000
14.2790000000000
14.2790000000000
14.2789000000000
14.2789000000000
14.2788000000000
14.2787000000000
14.2787000000000
14.2786000000000
14.2785000000000
14.2785000000000
14.2784000000000
14.2784000000000
14.2783000000000
14.2782000000000
14.2782000000000
14.2781000000000
14.2780000000000
14.2780000000000
14.2779000000000
14.2779000000000
14.2778000000000
14.2777000000000
14.2777000000000
14.2776000000000
14.2775000000000
14.2775000000000
14.2774000000000
14.2774000000000
14.2773000000000
14.2772000000000
14.2772000000000
14.2771000000000
14.2771000000000
14.2770000000000
14.2769000000000
14.2769000000000
14.2768000000000
14.2767000000000
14.2767000000000
14.2766000000000
14.2766000000000
14.2765000000000
14.2764000000000
14.2764000000000
14.2763000000000
14.2763000000000
14.2762000000000
14.2761000000000
14.2761000000000
14.2760000000000
14.2760000000000
14.2759000000000
14.2758000000000
14.2758000000000
14.2757000000000
14.2756000000000
14.2756000000000
14.2755000000000
14.2755000000000
14.2754000000000
14.2753000000000
14.2753000000000
14.2752000000000
14.2752000000000
14.2751000000000
14.2750000000000
14.2750000000000
14.2749000000000
14.2749000000000
14.2748000000000
14.2747000000000
14.2747000000000
14.2746000000000
14.2746000000000
14.2745000000000
14.2744000000000
14.2744000000000
14.2743000000000
14.2743000000000
14.2742000000000
14.2741000000000
14.2741000000000
14.2740000000000
14.2740000000000
14.2739000000000
14.2738000000000
14.2738000000000
14.2737000000000
14.2737000000000
14.2736000000000
14.2735000000000
14.2735000000000
14.2734000000000
14.2734000000000
14.2733000000000
14.2732000000000
14.2732000000000
14.2731000000000
14.2731000000000
14.2730000000000
14.2730000000000
14.2729000000000
14.2728000000000
14.2728000000000
14.2727000000000
14.2727000000000
14.2726000000000
14.2725000000000
14.2725000000000
14.2724000000000
14.2724000000000
14.2723000000000
14.2722000000000
14.2722000000000
14.2721000000000
14.2721000000000
14.2720000000000
14.2720000000000
14.2719000000000
14.2718000000000
14.2718000000000
14.2717000000000
14.2717000000000
14.2716000000000
14.2715000000000
14.2715000000000
14.2714000000000
14.2714000000000
14.2713000000000
14.2713000000000
14.2712000000000
14.2711000000000
14.2711000000000
14.2710000000000
14.2710000000000
14.2709000000000
14.2709000000000
14.2708000000000
14.2707000000000
14.2707000000000
14.2706000000000
14.2706000000000
14.2705000000000
14.2705000000000
14.2704000000000
14.2703000000000
14.2703000000000
14.2702000000000
14.2702000000000
14.2701000000000
14.2701000000000
14.2700000000000
14.2699000000000
14.2699000000000
14.2698000000000
14.2698000000000
14.2697000000000
14.2697000000000
14.2696000000000
14.2695000000000
14.2695000000000
14.2694000000000
14.2694000000000
14.2693000000000
14.2693000000000
14.2692000000000
14.2691000000000
14.2691000000000
14.2690000000000
14.2690000000000
14.2689000000000
14.2689000000000
14.2688000000000
14.2688000000000
14.2687000000000
14.2686000000000
14.2686000000000
14.2685000000000
14.2685000000000
14.2684000000000
14.2684000000000
14.2683000000000
14.2682000000000
14.2682000000000
14.2681000000000
14.2681000000000
14.2680000000000
14.2680000000000
14.2679000000000
14.2679000000000
14.2678000000000
14.2677000000000
14.2677000000000
14.2676000000000
14.2676000000000
14.2675000000000
14.2675000000000
14.2674000000000
14.2674000000000
14.2673000000000
14.2672000000000
14.2672000000000
14.2671000000000
14.2671000000000
14.2670000000000
14.2670000000000
14.2669000000000
14.2669000000000
14.2668000000000
14.2668000000000
14.2667000000000
14.2666000000000
14.2666000000000
14.2665000000000
14.2665000000000
14.2664000000000
14.2664000000000
14.2663000000000
14.2663000000000
14.2662000000000
14.2662000000000
14.2661000000000
14.2660000000000
14.2660000000000
14.2659000000000
14.2659000000000
14.2658000000000
14.2658000000000
14.2657000000000
14.2657000000000
14.2656000000000
14.2656000000000
14.2655000000000
14.2655000000000
14.2654000000000
14.2653000000000
14.2653000000000
14.2652000000000
14.2652000000000
14.2651000000000
14.2651000000000
14.2650000000000
14.2650000000000
14.2649000000000
14.2649000000000
14.2648000000000
14.2648000000000
14.2647000000000
14.2646000000000
14.2646000000000
14.2645000000000
14.2645000000000
14.2644000000000
14.2644000000000
14.2643000000000
14.2643000000000
14.2642000000000
14.2642000000000
14.2641000000000
14.2641000000000
14.2640000000000
14.2640000000000
14.2639000000000
14.2639000000000
14.2638000000000
14.2637000000000
14.2637000000000
14.2636000000000
14.2636000000000
14.2635000000000
14.2635000000000
14.2634000000000
14.2634000000000
14.2633000000000
